alocou matriz de adjacencia
alocou matriz de feromonio
leu matriz de adjacencia
alocou matrizFormigas
Vertice objetivo == 8
***********************
Iteracao 0
***********************
13
11
13
34
13
11
11
17
24
9
19
9
9
34
16
32
17
13
12
33
29
25
11
20
11
13
21
17
12
17
***********************
Iteracao 1
***********************
9
11
11
17
9
11
12
11
11
13
16
17
16
21
22
9
19
13
13
16
11
17
11
11
9
16
9
11
9
9
***********************
Iteracao 2
***********************
9
13
11
23
13
11
16
11
21
11
11
11
11
12
17
17
9
13
11
17
28
11
11
11
11
13
9
11
9
9
***********************
Iteracao 3
***********************
16
12
16
19
16
22
9
16
9
17
16
9
11
9
11
11
11
16
17
16
9
16
9
11
11
9
12
11
9
11
***********************
Iteracao 4
***********************
9
9
11
16
11
9
12
9
11
11
16
11
9
11
17
9
11
11
30
11
9
11
9
16
17
16
11
22
12
13
***********************
Iteracao 5
***********************
11
11
11
11
11
12
11
11
16
11
11
17
11
11
13
11
9
11
11
9
11
18
11
11
9
9
11
9
11
13
***********************
Iteracao 6
***********************
11
11
16
11
9
11
11
11
11
9
11
11
11
24
9
11
9
16
9
11
9
9
11
11
11
11
17
9
11
11
***********************
Iteracao 7
***********************
11
11
11
13
11
16
11
11
11
9
9
11
28
11
11
9
9
11
16
13
11
9
11
9
11
11
11
13
11
11
***********************
Iteracao 8
***********************
12
11
9
11
9
16
11
11
9
11
9
11
13
11
11
13
11
9
11
9
11
11
11
9
9
11
11
11
13
11
***********************
Iteracao 9
***********************
11
13
11
16
11
9
9
9
9
9
11
11
16
11
11
9
20
9
11
11
9
11
9
9
16
11
11
11
11
11
***********************
Iteracao 10
***********************
11
11
13
11
9
9
11
11
11
9
11
11
11
11
11
9
11
9
11
11
11
9
9
9
11
9
11
11
9
11
***********************
Iteracao 11
***********************
9
13
9
9
11
11
11
11
9
11
13
16
11
11
9
11
9
9
11
11
9
9
12
9
9
9
11
13
11
11
***********************
Iteracao 12
***********************
13
9
11
11
11
9
9
11
13
11
11
9
11
11
11
11
9
11
11
9
9
9
11
11
9
11
9
11
9
16
***********************
Iteracao 13
***********************
11
9
9
9
11
11
11
9
13
11
9
11
11
11
11
11
11
13
9
9
16
9
11
12
19
9
11
13
11
16
***********************
Iteracao 14
***********************
11
9
11
11
11
11
9
11
11
11
11
9
9
12
11
11
11
11
11
9
9
11
9
9
16
11
9
9
11
11
***********************
Iteracao 15
***********************
9
11
11
11
11
18
11
11
11
11
9
9
11
11
11
11
11
12
9
11
11
16
11
11
16
9
11
21
9
9
***********************
Iteracao 16
***********************
11
11
11
9
16
11
11
9
11
11
11
9
11
11
11
11
11
9
9
11
11
11
9
11
11
9
9
11
9
11
***********************
Iteracao 17
***********************
18
11
11
9
11
9
9
11
11
12
9
9
9
11
9
11
9
9
11
16
11
11
9
9
11
16
11
11
11
9
***********************
Iteracao 18
***********************
9
11
11
11
9
9
11
9
9
9
11
11
11
9
19
9
9
11
11
11
9
11
11
9
11
9
11
11
13
9
***********************
Iteracao 19
***********************
11
11
16
11
13
9
11
11
11
11
12
11
11
11
11
11
13
16
11
11
9
9
9
16
11
11
11
11
11
11
***********************
Iteracao 20
***********************
16
9
9
11
9
11
16
11
9
11
9
11
11
16
9
12
9
13
11
11
9
11
11
11
11
13
9
11
11
11
***********************
Iteracao 21
***********************
9
11
17
9
11
17
11
11
11
9
11
9
9
13
11
9
11
11
9
11
9
11
11
11
9
11
11
9
13
9
***********************
Iteracao 22
***********************
11
9
11
11
9
11
9
9
9
11
9
9
11
11
13
11
9
9
9
9
11
11
11
9
9
9
11
11
9
11
***********************
Iteracao 23
***********************
9
11
9
11
11
9
16
12
11
11
11
17
13
11
11
11
11
9
9
13
11
9
11
11
9
11
9
11
11
11
***********************
Iteracao 24
***********************
11
11
11
11
11
9
11
9
16
11
11
11
11
9
9
11
16
9
11
11
9
16
16
11
11
9
11
11
9
9
***********************
Iteracao 25
***********************
19
11
11
9
11
12
9
16
9
11
9
9
11
11
9
9
9
11
13
11
11
11
9
11
9
9
11
16
11
11
***********************
Iteracao 26
***********************
9
9
11
11
9
11
11
11
11
11
9
11
11
11
12
21
11
11
11
11
11
11
11
11
11
11
11
11
11
13
***********************
Iteracao 27
***********************
11
13
9
9
11
11
13
11
11
9
11
9
23
11
21
9
11
11
11
9
11
9
11
11
9
9
9
9
11
9
***********************
Iteracao 28
***********************
11
11
13
11
11
11
9
11
16
16
9
11
11
9
11
9
11
11
9
11
9
9
11
11
9
11
11
11
9
16
***********************
Iteracao 29
***********************
11
11
11
11
11
11
11
11
11
11
16
11
11
11
11
11
11
11
17
11
9
9
9
11
17
9
11
11
9
11
***********************
Iteracao 30
***********************
11
11
11
11
9
11
11
20
11
11
9
9
9
13
9
9
11
11
11
11
11
11
9
11
11
9
16
11
11
9
***********************
Iteracao 31
***********************
11
11
9
11
11
11
9
11
11
9
9
11
11
11
11
11
9
11
9
11
11
11
9
11
11
12
9
11
11
9
***********************
Iteracao 32
***********************
9
9
11
11
9
11
11
9
16
11
11
16
16
9
9
11
11
9
9
11
9
11
12
11
11
9
9
11
11
11
***********************
Iteracao 33
***********************
9
11
9
11
11
11
11
11
9
9
11
11
11
11
11
11
9
11
9
9
9
9
16
9
11
11
9
11
9
9
***********************
Iteracao 34
***********************
11
11
11
9
11
11
11
11
11
9
11
11
9
11
11
11
11
9
11
9
11
11
11
11
11
11
9
11
16
11
***********************
Iteracao 35
***********************
13
11
11
9
9
11
11
11
11
11
11
11
9
9
9
9
11
11
9
11
9
9
11
9
16
9
11
11
9
9
***********************
Iteracao 36
***********************
13
9
9
11
9
11
9
11
9
11
11
11
11
11
11
11
9
11
11
9
9
11
11
11
11
11
11
11
11
11
***********************
Iteracao 37
***********************
11
9
11
16
11
11
11
11
11
11
9
11
9
9
11
9
11
11
9
13
11
9
9
9
11
11
11
11
11
11
***********************
Iteracao 38
***********************
11
11
11
9
11
9
9
11
11
11
16
11
11
11
11
9
11
11
11
11
11
11
11
11
11
9
9
9
9
11
***********************
Iteracao 39
***********************
11
13
9
11
9
9
9
9
9
12
11
11
9
9
11
11
13
11
11
11
13
11
11
9
9
11
11
11
11
9
***********************
Iteracao 40
***********************
11
11
9
11
11
16
11
16
9
11
11
16
11
11
11
9
11
13
9
11
9
11
9
11
9
11
9
11
11
11
***********************
Iteracao 41
***********************
9
11
11
11
9
9
11
11
11
9
9
9
9
9
9
11
11
9
11
11
11
9
9
11
9
11
11
11
11
9
***********************
Iteracao 42
***********************
11
11
11
11
9
11
11
9
11
11
11
11
11
11
11
13
9
11
16
11
11
13
9
11
11
11
11
11
11
11
***********************
Iteracao 43
***********************
16
9
11
11
11
9
9
11
11
11
9
9
11
11
11
11
11
16
11
11
11
11
9
9
17
11
11
9
11
11
***********************
Iteracao 44
***********************
9
11
11
11
9
11
11
11
11
16
11
11
9
11
11
9
9
9
11
11
9
11
11
11
11
11
11
11
11
11
***********************
Iteracao 45
***********************
9
9
11
9
11
11
11
11
11
11
9
11
11
11
11
11
11
9
11
9
11
16
11
11
11
11
11
11
13
9
***********************
Iteracao 46
***********************
9
11
11
11
11
13
11
9
11
11
11
11
9
11
11
9
11
11
11
11
9
11
11
9
9
11
9
11
11
9
***********************
Iteracao 47
***********************
9
11
12
11
11
11
11
11
11
11
9
11
11
11
11
9
11
9
11
11
11
9
11
11
9
9
9
9
11
9
***********************
Iteracao 48
***********************
9
11
11
11
12
9
17
9
9
11
9
11
9
11
11
9
11
11
9
11
17
9
11
9
11
9
9
11
11
9
***********************
Iteracao 49
***********************
11
9
9
9
9
9
16
9
9
11
9
9
11
16
9
11
11
11
11
16
9
13
11
11
9
11
11
11
11
9
***********************
Iteracao 50
***********************
11
11
11
9
11
9
9
11
9
11
11
9
11
11
9
9
11
11
11
11
11
9
11
11
16
11
11
9
11
11
***********************
Iteracao 51
***********************
11
11
11
11
9
11
9
11
11
9
11
11
11
11
11
9
9
11
11
11
9
11
9
11
11
11
11
11
9
11
***********************
Iteracao 52
***********************
11
9
11
9
11
9
11
11
11
11
11
11
11
11
11
9
9
9
11
11
11
11
11
11
9
9
11
11
9
11
***********************
Iteracao 53
***********************
11
9
9
9
9
9
9
9
11
9
11
11
11
11
9
9
9
11
9
11
9
11
11
9
11
9
9
11
16
11
***********************
Iteracao 54
***********************
11
11
9
11
9
11
11
11
9
11
9
11
11
11
9
11
11
9
9
9
11
9
11
11
9
13
11
16
9
9
***********************
Iteracao 55
***********************
16
9
11
11
11
11
11
16
9
9
9
11
11
11
12
11
9
11
11
11
11
9
12
11
11
11
16
11
9
9
***********************
Iteracao 56
***********************
11
11
9
11
12
11
11
9
11
9
9
11
9
11
11
11
9
11
9
9
9
11
9
11
16
9
9
11
9
9
***********************
Iteracao 57
***********************
9
11
18
11
11
11
11
11
11
11
9
11
9
11
9
11
9
9
9
11
11
11
11
11
11
9
9
11
9
11
***********************
Iteracao 58
***********************
11
9
11
11
11
11
9
11
9
16
9
11
16
11
9
11
11
11
11
16
11
9
11
11
11
11
9
11
11
11
***********************
Iteracao 59
***********************
11
11
11
11
11
9
9
11
11
11
11
9
11
11
11
11
11
11
9
11
11
11
9
11
13
11
9
11
9
11
