alocou matriz de adjacencia
alocou matriz de feromonio
leu matriz de adjacencia
alocou matrizFormigas
Vertice objetivo == 300
***********************
Iteracao 0
***********************
6912
18467
11564
18133
1582
21729
19299
5389
25745
15228
21251
7483
7846
20236
14193
23338
27636
6103
16199
12711
16676
1855
8755
18838
13223
19312
13316
10366
12154
23033
***********************
Iteracao 1
***********************
6303
3460
24025
23254
1010
18530
14422
14351
8980
568
6290
15739
21861
8283
21895
22819
27029
526
15151
25059
1908
30397
12365
18038
6970
1353
27061
3852
8209
18675
***********************
Iteracao 2
***********************
3635
18108
4451
24997
7810
4739
13802
3005
22723
8646
4693
14522
19333
25795
24039
7972
6668
10267
10894
24823
10253
998
16595
1364
9400
12200
17298
11491
887
17855
***********************
Iteracao 3
***********************
25069
17199
14094
18904
20189
9885
13342
22645
20333
812
16047
17342
23926
6160
5538
7264
9495
18085
18064
12527
6956
5862
10710
15056
18664
1426
13573
7436
4829
19144
***********************
Iteracao 4
***********************
1050
17863
3111
10146
24260
27236
10199
9331
5072
22720
10258
8176
4441
25235
5584
19957
19155
9610
676
6302
4392
20396
18342
2878
21684
6463
21525
15373
12471
6494
***********************
Iteracao 5
***********************
4027
16361
24217
7922
10712
9080
15154
25929
16633
8823
1530
17116
17510
14846
15266
6335
12441
12403
10902
13176
11055
15861
7567
18536
1417
20193
23058
18340
14568
14533
***********************
Iteracao 6
***********************
2746
7404
1230
5136
9072
2499
16853
1990
13328
22137
27294
12646
17105
16317
17884
11862
5103
17696
23279
4435
1992
4638
11936
15926
3195
17049
24373
8585
16662
6782
***********************
Iteracao 7
***********************
21588
26897
26491
10620
20939
16061
16628
21384
8819
7604
8142
10325
8066
10493
7231
3035
24841
6147
28356
3468
1541
3827
4152
4430
11651
11879
15959
7071
458
10956
***********************
Iteracao 8
***********************
23417
18781
13933
16273
12272
11861
18483
14289
1071
8178
10860
1168
24966
2180
2570
8745
2230
9719
4714
22933
20444
10919
6085
7555
22226
20480
2238
7504
4680
6575
***********************
Iteracao 9
***********************
8419
14274
19730
11101
7604
3273
21042
21627
653
19276
9674
3190
18241
10994
4856
24761
10014
27353
7933
4302
9810
5351
18153
14271
12844
13075
6163
18531
24340
9140
***********************
Iteracao 10
***********************
20660
15395
869
6077
18063
21642
1280
2365
20118
20816
16275
16920
15568
208
2301
10768
9291
11679
18184
17163
6338
18668
22256
25610
1140
7205
5779
27308
8940
3540
***********************
Iteracao 11
***********************
17259
5394
9784
8033
18655
19187
11104
397
18450
10184
16958
3897
14001
6627
19317
23396
15224
10435
12979
3702
12153
7828
7090
20235
10691
3015
3615
2807
2050
11030
***********************
Iteracao 12
***********************
16922
11230
7276
27458
7643
11173
3927
25403
16112
21978
18185
25303
12702
20612
1467
8434
11075
10917
805
20156
10868
19845
10982
21444
11604
25600
82
25740
12183
22487
***********************
Iteracao 13
***********************
13406
9765
24084
19815
3178
5828
21898
515
9066
21490
7512
15755
6810
1007
24440
6689
14252
24282
4498
5247
2190
9998
10439
15665
5087
11121
8502
15198
4025
6374
***********************
Iteracao 14
***********************
13952
23633
8747
1845
2157
20987
6102
896
1199
1497
21304
2737
11317
3658
20134
327
1796
8575
15054
5629
14889
7798
6716
2261
8041
5029
1372
13083
3366
7161
***********************
Iteracao 15
***********************
16186
1423
5093
1324
18597
9954
14807
15284
11490
15870
8610
6475
7305
7508
5390
12227
4931
14803
9080
9026
9234
16974
18701
2890
4836
6887
15358
4180
1185
11580
***********************
Iteracao 16
***********************
16662
3493
21382
11983
11828
21089
8450
18811
18546
19386
5698
14493
9080
4707
23048
30040
10860
9024
23114
11306
15779
21760
3616
3647
2615
7143
161
6077
22959
8858
***********************
Iteracao 17
***********************
7662
4440
2010
7892
11107
8703
3640
11893
8924
917
8707
25074
21746
7301
10997
14830
15072
649
12508
4663
12994
22401
13268
3694
175
22428
15137
20146
21902
4987
***********************
Iteracao 18
***********************
8915
17864
6586
13343
3642
7672
7101
6771
4075
17922
10395
6713
9449
3374
19654
1560
6294
5388
16215
858
2228
5750
13383
13915
3928
14406
13048
22058
9396
10508
***********************
Iteracao 19
***********************
18197
13855
3467
13587
12253
9165
21167
4107
17485
1147
14645
17265
3072
6017
4747
899
1927
15574
21849
7050
7870
2568
9981
484
16922
14269
11125
26400
1655
3974
***********************
Iteracao 20
***********************
15263
13917
13039
9071
18328
7552
17346
2390
9874
10752
10862
4341
17997
2381
16686
6392
2267
19785
17327
6126
15385
10900
3653
5951
1899
6987
8709
24950
9221
9794
***********************
Iteracao 21
***********************
607
9206
20656
15553
2319
12271
2609
10537
16951
4291
4832
6208
24
3765
16208
4459
9820
700
656
4253
17358
15153
10250
7096
8965
17452
2717
14310
19602
7222
***********************
Iteracao 22
***********************
2267
6262
10487
14207
4859
3959
13023
20391
4300
176
817
9872
8744
627
9720
9247
11673
838
15024
15023
13321
903
8179
12761
23498
7100
1183
16336
3812
20336
***********************
Iteracao 23
***********************
97
3205
12058
4067
2815
6732
12884
7142
11999
4120
7690
701
7447
12911
11575
1544
13857
16367
2520
4738
1551
17167
17298
14205
3626
7076
14185
951
6464
22794
***********************
Iteracao 24
***********************
22549
12572
20451
5831
5037
12015
21407
28639
9251
913
13577
14152
5702
6369
13954
21933
9998
16245
2241
353
18304
6491
3288
5393
9030
5189
20476
5246
5823
13496
***********************
Iteracao 25
***********************
19375
3847
18306
1952
20193
6471
10369
544
12279
14603
7565
10428
2085
1525
1196
3137
1200
2693
2038
9903
1044
17861
1769
15793
12803
11904
2652
16979
12932
13215
***********************
Iteracao 26
***********************
8568
20405
7330
13594
3075
17366
10253
3330
21252
4669
4809
23291
18710
9849
129
1191
11918
12105
11387
10406
7367
18188
12053
6839
3122
6601
1114
12921
17277
7826
***********************
Iteracao 27
***********************
5452
23385
929
4106
12993
7222
4218
14146
11504
11678
11760
21226
17506
19584
3180
5348
2211
9250
13189
3568
15757
13516
11734
6776
2372
11247
5851
11927
5059
1532
***********************
Iteracao 28
***********************
14143
12185
970
7835
9126
19755
5933
12429
3159
20550
7323
9653
3858
6251
16559
11749
15664
6239
13045
4835
2676
4150
9613
24568
14195
18188
4626
1116
15867
580
***********************
Iteracao 29
***********************
18557
8975
8246
8413
9760
19455
9292
9728
23587
10550
2153
14162
14475
14886
3747
10607
631
12108
4998
8983
7798
6281
10312
14657
16078
17030
6302
7506
22539
7029
***********************
Iteracao 30
***********************
16285
15490
969
18781
6001
2276
5904
5854
7375
1005
16262
12750
22178
3160
8400
5511
4312
705
1181
12956
9006
20035
7442
20886
12201
12313
7438
10848
8716
1546
***********************
Iteracao 31
***********************
11779
16628
13000
14200
2570
13727
11463
3039
960
7795
3670
20769
3966
15068
2339
12620
9254
46
17603
12755
4358
7877
11134
1604
4980
2397
9513
16640
18269
10369
***********************
Iteracao 32
***********************
17797
8940
22255
22580
12758
6776
17066
11829
4983
9424
1744
4512
9625
783
8761
9678
13557
8270
20324
1792
18819
8190
585
8650
11675
4760
995
13029
533
171
***********************
Iteracao 33
***********************
14161
6829
21955
10207
5172
6702
20702
10433
568
6997
2698
3859
1597
4879
8057
3128
17819
15914
11361
10640
7235
18112
12759
768
14916
8503
17189
9672
2127
21915
***********************
Iteracao 34
***********************
22605
2598
7415
6422
7657
7425
2273
2369
11927
10311
15120
1615
17711
22491
4140
908
22689
673
1273
22084
9947
24
5448
2440
3949
933
9554
766
8744
914
***********************
Iteracao 35
***********************
16288
3140
138
11254
8266
6191
64
472
7980
5991
1012
674
10232
2096
9113
3570
2936
15272
4650
21159
10355
1200
1092
7930
4023
11970
6655
5826
2181
16553
***********************
Iteracao 36
***********************
833
2623
5263
1189
801
19629
577
2561
10200
4851
6177
4696
9921
9931
4715
3069
297
3965
249
5303
5649
10981
8489
8350
17139
6486
1435
12195
4939
14289
***********************
Iteracao 37
***********************
13339
9262
14324
3630
5435
13327
4863
18944
8094
4931
4642
11640
18470
18498
8731
5958
6678
8938
6722
2815
1017
891
298
624
6798
8688
9474
21511
24
2388
***********************
Iteracao 38
***********************
2971
3433
3030
97
1140
8441
5813
4911
4906
808
8113
10502
10908
57
8781
17251
18545
22171
6244
5121
8614
4186
2015
7639
7283
3116
7050
17983
9432
1393
***********************
Iteracao 39
***********************
7023
1174
10068
6651
10356
8504
14599
7598
17845
21467
13733
4969
5121
19846
2036
2802
5572
11288
3020
2814
801
6207
10751
13706
2362
11118
2572
3514
7130
10187
***********************
Iteracao 40
***********************
1508
6902
3423
3003
2848
7089
12266
1905
10826
14902
840
3168
3078
424
2188
7273
4954
11815
6390
16516
11157
2507
1981
343
1290
3550
8483
2021
22742
3697
***********************
Iteracao 41
***********************
6715
1298
3194
2814
7921
3145
2745
8695
147
12065
433
2552
15288
5218
9407
1919
18654
10390
11990
2834
8453
12053
10742
1943
12261
3900
4546
1638
23526
2403
***********************
Iteracao 42
***********************
13440
2753
11736
6673
2203
11655
11498
7673
6047
14703
371
11038
5293
4303
17087
6425
1965
7237
18454
4753
3924
3937
486
14212
5436
10776
18677
3523
9802
2232
***********************
Iteracao 43
***********************
1404
15754
9274
10481
3636
11576
1710
968
13592
2237
4339
3086
5559
5026
1206
6203
1456
13177
1599
7688
1381
1534
9051
8521
3283
1803
8774
4901
1020
9851
***********************
Iteracao 44
***********************
14903
10593
8622
3249
1816
570
5565
3904
7077
10016
37
631
5591
5789
14204
9060
8382
11911
7411
15351
397
7401
4957
11120
15658
4997
5492
1993
11815
14673
***********************
Iteracao 45
***********************
16591
144
3345
8355
669
6188
569
372
71
12171
6505
8364
5408
4455
1812
9416
12582
1012
3124
1581
2744
9077
6123
98
11286
5808
5475
4308
4872
113
***********************
Iteracao 46
***********************
8629
11158
6332
504
1796
362
4484
4626
6757
8399
1324
1792
20954
4906
1283
7553
2418
11190
428
10483
8426
10576
19216
14132
11346
10209
13609
16401
5747
2089
***********************
Iteracao 47
***********************
1155
13525
11757
1754
20680
2164
13414
29
6552
3802
6707
9346
9750
133
382
765
9083
1067
4495
9492
7225
4604
1625
3737
4126
2449
3398
8296
10375
348
***********************
Iteracao 48
***********************
5031
11117
4837
608
4155
13101
5420
1307
2563
7620
5004
2937
7573
7555
2058
14339
7697
13851
390
14809
1934
14427
16306
10556
310
141
8692
7804
12703
2970
***********************
Iteracao 49
***********************
4341
14787
2089
8699
166
11888
973
1365
432
748
13513
1118
2175
95
4061
10756
5147
84
1339
3888
4149
721
8752
1403
2190
3116
755
6040
6988
5071
***********************
Iteracao 50
***********************
4278
5134
3067
10353
3899
6551
1712
17613
4127
687
6892
885
12107
3816
5457
7955
1742
343
4517
948
323
10615
8683
1717
1154
345
3888
3104
563
14590
***********************
Iteracao 51
***********************
18433
432
11114
121
10486
28
882
3873
1278
101
1502
1523
4509
3503
7399
7130
5238
1120
6481
962
2413
2742
6864
1696
2358
3306
2235
3569
3292
1017
***********************
Iteracao 52
***********************
3687
5154
2044
7179
6510
5255
14483
14819
1477
2546
520
5275
395
1032
145
6291
6174
862
2895
9520
7732
3179
9513
6045
1334
5820
5083
2967
320
7335
***********************
Iteracao 53
***********************
10599
3949
2052
52
6114
4052
7032
7978
12791
17909
2429
5600
348
397
6224
6784
7176
3231
6079
4693
717
4775
9205
2524
5968
2734
3686
6290
7354
286
***********************
Iteracao 54
***********************
1261
2098
427
9774
28
9947
5930
6765
2452
763
951
6844
9026
80
10560
506
43
7035
6953
1588
182
3502
2274
2737
1016
213
10139
15
1172
10502
***********************
Iteracao 55
***********************
1863
9100
3995
3285
5360
10211
6222
4982
694
4843
8392
13163
2821
11040
183
356
6994
2771
667
413
116
5081
12103
2106
97
6860
1913
13141
4632
346
***********************
Iteracao 56
***********************
514
40
2807
8411
4168
4310
3072
48
442
9847
3886
2324
9070
7239
1350
13754
15
29
16896
8865
2728
6025
7166
655
13365
10417
5911
4098
1876
2325
***********************
Iteracao 57
***********************
7362
2257
2280
1096
301
3408
5380
2545
24
3345
7399
7988
1484
15767
4986
3456
1104
4089
1030
3519
4207
2614
4936
17682
4508
1646
3076
7512
8025
1307
***********************
Iteracao 58
***********************
15
238
4814
17599
1928
3693
2873
8970
17362
6797
3886
24
3163
3079
11761
3489
363
17576
2158
786
6829
1636
1059
10415
8435
5403
4897
11766
14114
6931
***********************
Iteracao 59
***********************
29
198
3321
522
4166
6929
1104
4989
5223
7575
5735
3904
4002
5875
1425
637
16358
15
10952
3701
925
22169
795
2223
1221
674
10969
3125
1487
159
