alocou matriz de adjacencia
alocou matriz de feromonio
leu matriz de adjacencia
alocou matrizFormigas
Vertice objetivo == 150
***********************
Iteracao 0
***********************
6811
1357
4415
6867
900
3546
791
4893
2831
2521
5977
3419
7992
6566
153
3548
997
4055
2195
5815
413
4875
3297
1003
5111
1926
6557
6824
9336
988
***********************
Iteracao 1
***********************
4147
1683
3784
2279
7745
7488
185
7632
473
1134
462
5984
4445
750
281
3064
2312
1518
5384
5154
2060
5384
153
4784
3770
4258
1166
8178
5338
8508
***********************
Iteracao 2
***********************
5082
5623
1106
1040
1254
2226
2979
3355
6489
1704
2062
1909
760
2421
3039
6752
5283
4627
2813
2352
5014
3086
1588
892
4333
1103
5857
1950
317
6019
***********************
Iteracao 3
***********************
1595
4594
3602
4497
6613
878
3843
1030
5115
1554
1817
5216
1957
436
5821
6405
4186
1362
617
1089
2135
2875
2498
3378
3882
2207
4511
4084
3307
1678
***********************
Iteracao 4
***********************
20
116
1164
242
374
803
5297
4823
1915
3697
6100
5786
2122
2561
5234
3449
135
6529
3796
1515
4271
2911
2138
7335
6499
3249
909
2460
4812
3496
***********************
Iteracao 5
***********************
4150
294
2076
4977
2745
644
5313
273
6530
3923
2278
3674
8061
2357
1494
1375
1015
941
2305
2190
4510
4734
1304
3257
2301
2401
1714
187
2035
6816
***********************
Iteracao 6
***********************
995
18
1560
526
2736
769
3799
1493
958
2557
2794
1088
4569
6540
20
2313
1949
5380
5022
1006
4812
4446
4408
650
3170
4144
4457
1373
5323
4975
***********************
Iteracao 7
***********************
906
423
44
977
3455
307
197
2376
8252
472
2720
1867
2885
777
3441
2288
881
1477
1593
673
277
2470
3185
2874
3537
2546
664
2003
1381
49
***********************
Iteracao 8
***********************
1425
2594
1792
2544
2016
4125
509
2104
2731
73
1385
2408
3294
2881
665
648
1135
340
3274
2021
397
195
2424
305
9080
698
1387
675
1629
629
***********************
Iteracao 9
***********************
573
3210
673
2000
498
420
2436
2089
1249
654
1034
1002
3644
257
1412
754
978
2240
1854
2115
582
1261
383
20
393
1020
387
633
859
1721
***********************
Iteracao 10
***********************
20
593
20
1181
1258
303
2334
813
3773
2006
740
1305
1025
324
3364
2230
2082
5031
2725
788
448
1381
652
155
984
2876
1170
5246
2521
20
***********************
Iteracao 11
***********************
20
1139
4735
2403
2312
20
657
3447
1273
2957
1025
20
781
20
2109
111
777
20
1519
1838
2561
309
560
20
324
245
20
48
76
1283
***********************
Iteracao 12
***********************
202
1184
20
20
62
1151
205
1076
843
716
20
20
266
1944
2150
1793
20
2215
20
20
374
478
20
20
499
1763
228
20
20
61
***********************
Iteracao 13
***********************
20
20
20
1224
20
1536
779
20
20
20
254
583
20
20
20
20
20
20
192
20
20
658
20
841
2540
20
20
20
1395
20
***********************
Iteracao 14
***********************
90
20
20
77
20
20
594
20
20
20
20
20
20
371
20
20
20
20
20
20
410
20
20
20
20
4025
20
20
1389
20
***********************
Iteracao 15
***********************
20
20
136
20
20
1259
20
20
20
20
60
20
20
60
20
20
20
20
20
20
20
20
20
20
20
20
20
20
20
20
***********************
Iteracao 16
***********************
20
20
20
2515
20
128
122
20
20
20
20
20
20
20
20
20
20
20
20
268
20
20
622
20
20
20
20
20
20
20
***********************
Iteracao 17
***********************
1111
20
20
20
20
20
20
20
20
20
20
20
20
20
20
20
20
20
20
20
20
20
20
20
20
20
20
20
20
20
***********************
Iteracao 18
***********************
414
20
20
150
20
761
20
20
189
20
20
20
20
1118
20
20
20
20
20
20
20
20
20
20
20
20
20
20
20
20
***********************
Iteracao 19
***********************
20
20
20
20
20
20
20
79
20
2851
20
20
20
20
20
20
1316
20
20
20
20
20
20
20
20
20
20
20
20
20
***********************
Iteracao 20
***********************
20
789
20
20
20
20
20
20
20
20
20
20
20
20
20
20
20
20
20
20
20
20
20
20
20
1117
517
20
631
20
***********************
Iteracao 21
***********************
69
20
20
20
20
20
20
20
20
20
20
20
20
20
20
20
20
20
20
20
1730
20
20
20
20
20
20
20
20
20
***********************
Iteracao 22
***********************
20
407
20
20
20
20
20
20
20
20
20
20
20
20
20
20
20
20
20
20
20
20
20
20
20
20
20
20
20
20
***********************
Iteracao 23
***********************
20
20
20
20
20
1284
20
20
20
20
20
20
20
691
20
20
20
20
20
20
20
20
20
20
20
20
525
3551
20
20
***********************
Iteracao 24
***********************
20
20
20
20
1488
20
20
20
20
20
20
20
20
20
20
20
20
20
20
20
20
20
20
20
20
20
20
20
20
20
***********************
Iteracao 25
***********************
20
20
20
20
20
20
20
20
20
20
20
20
20
20
20
20
299
20
20
20
20
20
20
20
20
20
20
20
20
20
***********************
Iteracao 26
***********************
20
20
20
20
20
115
20
20
20
20
20
20
20
20
20
20
20
20
20
20
20
20
20
20
20
20
20
20
20
20
***********************
Iteracao 27
***********************
20
20
20
20
20
20
20
20
20
20
20
20
20
20
20
20
20
20
20
20
20
20
20
20
20
20
20
20
20
20
***********************
Iteracao 28
***********************
20
20
20
20
20
20
20
20
20
20
1831
20
20
1375
20
20
20
20
20
20
20
20
20
20
20
20
20
20
20
820
***********************
Iteracao 29
***********************
20
20
20
20
20
20
20
20
20
20
20
20
20
20
20
1162
20
2478
20
1630
20
20
20
20
20
20
20
20
20
20
***********************
Iteracao 30
***********************
20
20
20
20
20
20
20
180
20
20
20
20
20
20
20
20
20
20
20
20
20
20
20
20
20
20
20
20
20
20
***********************
Iteracao 31
***********************
20
20
20
20
20
20
20
20
20
20
20
20
20
20
20
1048
20
20
20
20
20
20
20
20
20
20
20
20
20
20
***********************
Iteracao 32
***********************
20
20
20
20
20
20
20
20
20
20
20
20
20
20
20
20
20
20
20
20
20
20
20
20
20
20
20
20
20
20
***********************
Iteracao 33
***********************
20
20
20
20
20
20
20
20
20
20
20
20
20
20
20
20
20
20
20
20
20
20
20
20
20
20
20
20
20
20
***********************
Iteracao 34
***********************
20
20
20
20
20
20
20
20
20
20
20
20
20
20
20
20
20
903
20
20
20
20
20
20
20
20
20
20
20
20
***********************
Iteracao 35
***********************
20
20
163
20
20
20
20
20
20
20
20
20
20
20
20
20
20
20
20
20
20
20
20
20
203
20
20
20
20
20
***********************
Iteracao 36
***********************
20
20
20
20
20
20
20
20
20
20
618
20
20
20
20
20
20
20
20
20
20
20
20
20
20
20
20
20
20
20
***********************
Iteracao 37
***********************
20
20
20
20
20
20
20
20
20
20
20
20
20
20
20
20
20
20
20
20
20
20
20
20
20
20
20
20
20
20
***********************
Iteracao 38
***********************
20
20
20
20
20
20
20
20
20
20
20
20
20
20
20
20
20
20
20
20
369
20
20
20
20
20
20
20
20
20
***********************
Iteracao 39
***********************
20
20
20
20
20
20
20
20
20
20
20
20
20
20
20
321
20
20
20
20
20
20
20
20
20
20
20
20
20
20
***********************
Iteracao 40
***********************
20
20
20
20
20
20
20
20
20
20
20
20
20
20
20
20
20
20
20
20
20
20
20
20
20
20
20
20
20
20
***********************
Iteracao 41
***********************
20
20
20
20
20
20
20
20
20
20
20
20
20
20
20
20
20
20
20
20
20
20
20
20
20
20
20
20
20
20
***********************
Iteracao 42
***********************
20
20
20
20
20
20
20
20
20
20
20
20
20
20
20
68
20
1223
20
20
20
20
20
20
20
1382
20
20
20
500
***********************
Iteracao 43
***********************
20
20
20
20
20
20
20
20
20
20
20
20
20
20
20
20
1194
20
20
20
20
20
20
20
20
20
20
20
20
20
***********************
Iteracao 44
***********************
20
20
20
20
20
20
20
20
20
20
20
20
20
20
20
20
20
20
20
20
20
20
20
20
20
20
20
20
20
20
***********************
Iteracao 45
***********************
20
20
20
20
20
20
20
20
20
20
20
20
20
20
20
20
20
20
20
20
20
20
20
20
20
20
20
20
20
20
***********************
Iteracao 46
***********************
20
20
20
20
20
20
20
20
20
20
20
20
20
20
20
20
20
20
20
20
20
20
20
20
20
20
20
20
20
20
***********************
Iteracao 47
***********************
20
20
20
20
20
20
20
20
20
20
20
20
20
20
20
20
20
20
20
20
20
20
20
20
20
20
20
20
20
20
***********************
Iteracao 48
***********************
20
20
20
20
20
20
20
20
20
20
20
20
20
20
20
20
20
20
20
20
20
20
20
20
20
20
20
20
20
20
***********************
Iteracao 49
***********************
20
20
20
20
20
20
20
20
20
20
20
20
20
20
20
20
20
20
20
1242
20
20
20
20
20
20
20
20
20
20
***********************
Iteracao 50
***********************
20
20
20
20
20
20
20
20
20
20
20
20
20
20
20
20
20
20
20
20
20
20
20
20
20
20
20
20
20
20
***********************
Iteracao 51
***********************
20
20
20
20
20
20
20
20
20
20
20
20
20
20
20
20
20
20
20
20
20
20
20
20
20
20
20
20
20
20
***********************
Iteracao 52
***********************
20
20
20
20
20
20
20
20
20
20
20
20
20
20
20
20
20
20
20
20
20
20
20
20
20
20
20
20
20
20
***********************
Iteracao 53
***********************
20
20
20
20
20
20
20
20
20
20
20
20
20
20
20
20
20
20
20
20
20
20
20
20
20
20
20
20
20
20
***********************
Iteracao 54
***********************
20
20
20
20
20
20
20
20
20
20
20
20
20
20
20
20
20
20
20
20
20
20
20
20
20
20
20
20
20
20
***********************
Iteracao 55
***********************
20
20
20
20
20
20
20
20
20
20
20
20
20
20
20
20
20
20
20
20
20
20
20
20
20
20
20
20
20
20
***********************
Iteracao 56
***********************
20
20
20
20
20
20
20
20
20
20
20
20
20
20
20
20
20
20
20
20
20
20
20
20
20
20
20
20
20
20
***********************
Iteracao 57
***********************
20
20
6034
20
20
20
20
20
20
20
20
20
20
20
20
20
20
20
20
20
20
20
20
20
20
20
20
20
20
20
***********************
Iteracao 58
***********************
20
20
20
20
20
20
20
20
20
20
20
20
20
20
20
20
20
20
20
20
20
20
20
20
20
20
20
20
20
20
***********************
Iteracao 59
***********************
20
20
20
20
20
20
20
20
20
20
20
20
20
20
20
20
20
20
20
20
20
20
20
20
20
20
20
20
20
20
