alocou matriz de adjacencia
alocou matriz de feromonio
leu matriz de adjacencia
alocou matrizFormigas
***********************
Iteracao 0
***********************
172362
284764
75446
144758
296321
222366
96957
113903
304107
206105
322402
218458
262166
193345
157807
268100
297256
263083
122706
247976
19512
53231
69641
233808
148481
6676
249903
240896
49585
140852
***********************
Iteracao 1
***********************
183511
295556
45424
304440
126714
283201
952
6616
153624
247672
287384
4526
306139
109857
124100
339147
40367
270817
204335
73308
247056
43736
224013
39354
197446
140277
199082
46509
156309
217284
***********************
Iteracao 2
***********************
70508
217657
8948
33852
319438
284254
77345
47339
158311
121674
248941
252308
92630
41848
43229
307877
161114
34908
299884
159607
159862
257669
7392
130308
41878
276422
256912
145194
107663
134212
***********************
Iteracao 3
***********************
211588
278403
255013
112351
212286
31280
118386
262031
293775
154455
1596
243776
285439
292138
200956
172134
126838
307328
44553
102920
37657
297579
184160
249480
266548
114220
115736
238660
189122
109552
***********************
Iteracao 4
***********************
45262
210451
191307
304917
99924
293017
58122
63526
74329
278025
74445
128833
240639
163336
152342
279408
40089
16476
184089
1439
55894
265943
247390
3666
208430
61376
215372
250183
48838
50309
***********************
Iteracao 5
***********************
199732
81874
104614
232882
191432
243268
24323
148230
130066
65366
302207
163799
332204
97990
212660
30414
286379
74826
243502
300356
288131
210999
157833
231082
206790
135993
97843
99179
111755
303296
***********************
Iteracao 6
***********************
260396
22514
150240
3562
130092
79365
66172
327829
185462
175674
280504
10612
244143
298909
184899
292560
301724
28608
97296
112271
145825
96935
319126
166685
271361
313832
88017
107918
83599
251632
***********************
Iteracao 7
***********************
284234
308916
229677
153781
237527
158467
180777
278883
40947
300214
114394
283065
29336
287340
259214
310392
177138
295816
86743
203658
95336
264083
249322
167333
117030
222336
302490
232382
118625
290458
***********************
Iteracao 8
***********************
120257
292842
161552
178003
72058
83679
288787
156550
74128
83490
106896
72769
242104
193257
127645
3606
282669
134762
131808
62166
108039
222691
244326
276733
117413
300252
301795
193653
206416
78321
***********************
Iteracao 9
***********************
162131
231590
285900
296645
56586
181551
145367
264397
144799
128920
57997
150779
127134
69084
194754
135978
175395
240476
81664
325352
281611
60350
177838
299740
55666
86665
254655
56685
162812
113126
***********************
Iteracao 10
***********************
284572
31195
39896
244448
51987
54780
241077
270707
263726
192643
176867
32319
83813
49585
69812
99481
20599
54922
162733
201386
81631
96944
185418
79078
206221
108385
191054
240979
202909
100241
***********************
Iteracao 11
***********************
118501
151974
103445
223158
298718
310770
281513
162189
301983
176487
173638
284229
190716
65812
251943
278073
95571
303090
40033
19985
261719
159975
248190
223803
41912
195588
267910
113370
270165
104707
***********************
Iteracao 12
***********************
37307
51410
170620
170859
167883
292489
252897
256471
308265
10488
93226
219006
134169
153109
40258
255662
258568
199325
52233
221499
206876
307836
70429
140379
131928
193351
10501
54065
278056
186185
***********************
Iteracao 13
***********************
238849
282195
118713
207930
259121
251173
216616
40741
259278
305951
115156
53616
21717
42550
263908
216412
256217
55383
290773
288557
72948
180584
51725
227562
116659
267356
143983
244028
107466
153452
***********************
Iteracao 14
***********************
29396
313840
222343
28407
152114
179086
39093
275440
104736
191533
75702
241646
21912
284499
2897
38660
275972
145393
162168
273915
60995
304671
222792
79803
69594
73177
39220
133848
316714
158613
***********************
Iteracao 15
***********************
271005
56872
287324
50459
254321
217005
222373
134122
330658
137343
35749
146759
160144
259704
186554
148594
189000
236030
280904
183803
2214
73040
312146
146598
51932
269662
239055
147371
76982
154956
***********************
Iteracao 16
***********************
307031
250317
51884
252075
107248
273033
145548
258497
28023
239975
4511
98631
275811
300250
285740
278760
326306
291694
249366
107602
236025
208749
244432
219310
289563
101543
221539
105150
104755
261538
***********************
Iteracao 17
***********************
39197
53097
180001
127624
285973
155176
120417
318891
10652
201782
140496
60060
90347
186689
227258
271091
108376
329657
227076
107017
287481
169350
274214
140544
273367
218712
68891
111404
296520
138814
***********************
Iteracao 18
***********************
302199
198305
188585
281155
94235
56518
91052
255871
148905
294940
211273
103019
96638
24501
215626
62615
129372
218089
189596
291187
244862
302656
151298
5943
97381
294182
273673
8076
226836
22896
***********************
Iteracao 19
***********************
286962
298588
220071
268876
200143
159808
275931
8944
102342
208020
70161
301308
197380
163773
44276
238364
9417
116335
222028
180055
217110
295674
279854
303763
698
157955
278039
248078
120287
95813
***********************
Iteracao 20
***********************
196305
119896
188639
37456
197458
59327
15792
250378
203832
116880
180781
181075
309116
46935
148075
163222
76804
125974
309560
243548
298871
309081
49700
234471
142087
111374
193031
11739
292160
169751
***********************
Iteracao 21
***********************
214730
111500
1982
53683
29470
215297
197284
169017
191696
217877
166261
163407
172689
218477
186142
216859
184432
156688
298296
281751
124653
74714
222612
177869
169369
248348
4947
214675
235906
107097
***********************
Iteracao 22
***********************
177512
267311
105004
154479
178925
287690
92981
142053
205121
85028
36999
196116
90797
191494
112701
271889
291533
222063
306615
194366
150862
280050
116275
15333
287804
217972
37504
298075
33924
247982
***********************
Iteracao 23
***********************
272436
242912
173032
103740
44038
205162
13774
113171
12116
132562
264321
249994
210994
249057
244772
1228
120383
301176
315775
269432
103128
189039
284445
216791
180703
220098
207253
258665
248569
19025
***********************
Iteracao 24
***********************
182731
164666
233277
197037
275428
19176
168153
81052
29930
74167
118072
301058
51813
83818
101202
266869
1759
1085
90622
89475
6639
279721
43508
294577
207261
290715
12739
146634
204420
289337
***********************
Iteracao 25
***********************
81144
203783
308802
216358
39539
85466
301853
296127
100752
268199
316665
65500
197196
313378
232069
242643
282753
10053
95856
127785
61356
278067
295029
237102
213143
140670
202298
90557
196843
68279
***********************
Iteracao 26
***********************
281388
289711
302474
212219
284110
58739
284386
155447
136690
38064
178863
320465
38253
309071
32890
295778
221150
77194
277983
72358
72016
8434
273599
278174
64918
11143
56931
116200
48788
55367
***********************
Iteracao 27
***********************
90892
238101
13094
119348
197871
249050
210071
46838
38741
32894
59976
99175
324069
297270
289149
244241
133399
322015
252454
151533
126658
163396
315377
217795
215190
112810
292495
287007
222268
62157
***********************
Iteracao 28
***********************
183769
279496
252371
42719
212061
199173
228575
289401
25093
71850
205508
46222
158329
209510
34500
107546
223357
210412
311323
279779
235479
72891
311244
200745
271352
39188
85652
18982
301188
111347
***********************
Iteracao 29
***********************
36302
23085
130725
121365
21345
9068
268924
220727
194142
85200
76953
212905
47690
12411
11246
174484
197446
21793
81453
74452
312849
118335
94395
312102
260739
89046
242556
191447
128182
181905
***********************
Iteracao 30
***********************
21652
202125
276326
48158
283995
204709
233729
141935
234945
105473
3910
218786
157951
185924
174391
126896
184119
116737
206217
85852
186289
242609
122099
76707
172008
107967
92550
83711
284929
187674
***********************
Iteracao 31
***********************
62315
232878
117478
197037
308620
24912
224094
127504
135104
76306
192817
277576
245696
42571
269565
133656
198087
39090
203512
135170
294844
193744
183211
50460
217479
69481
147421
232793
282132
27530
***********************
Iteracao 32
***********************
255127
183427
106861
175746
2773
140506
116803
181618
143651
123965
30404
185353
146884
264024
297895
272130
313060
79503
178599
167196
203320
292017
117107
57878
57443
231988
136385
87420
271444
229253
***********************
Iteracao 33
***********************
266225
218536
264911
77640
75339
243780
135433
140553
69190
218467
184691
147260
200135
173022
312994
332732
152071
1740
311709
256089
149223
23914
59760
144065
158879
198544
159774
27250
14198
225701
***********************
Iteracao 34
***********************
86822
159235
207199
316906
92761
169307
250100
240653
26674
249
13467
141538
150360
293785
64118
79602
48544
295070
245653
203288
257770
51112
166452
65907
164280
111619
268714
85702
2084
318956
***********************
Iteracao 35
***********************
140168
109924
109401
54923
137015
177061
171859
301788
161643
76948
291064
109118
159944
271239
324436
115619
227913
247243
160293
284120
198500
243796
180760
311282
153142
122157
276276
185409
129982
110064
***********************
Iteracao 36
***********************
172971
301318
18773
116404
175976
32686
243329
81972
276641
249448
155695
142778
280230
285059
283688
281733
268646
272578
228416
185568
273121
104558
247388
296881
188604
149378
234696
15446
54577
162163
***********************
Iteracao 37
***********************
99788
219343
148109
329280
222201
57408
246198
141033
149559
296486
258626
252112
205155
237666
26457
232946
309535
46185
291100
255035
97261
202436
197387
307181
136050
136305
284150
230447
222445
37465
***********************
Iteracao 38
***********************
74551
287790
59244
209903
26095
289727
119201
124361
284028
297906
272183
60656
305383
194716
307679
296518
285031
120863
160605
106082
305119
197655
37017
193822
310710
229645
132836
256828
102782
27164
***********************
Iteracao 39
***********************
148394
102982
73936
3131
275997
64757
243603
139409
282176
180384
272677
4195
167992
103791
164779
266966
258288
271340
199243
191519
25137
302322
196772
193465
198780
272079
286819
230994
17945
107655
***********************
Iteracao 40
***********************
242544
106417
179750
230590
202103
207346
237952
240093
8331
265813
308576
147849
9565
192564
185729
297612
297952
63773
221488
214376
82992
279772
192329
226650
194904
255588
306915
51478
7546
157184
***********************
Iteracao 41
***********************
293008
164573
238722
36543
197194
245292
75036
118345
47398
170260
280297
169544
128970
163951
177162
230683
15571
240145
100863
10688
137484
55984
246458
278299
38906
225899
186222
279412
237623
267767
***********************
Iteracao 42
***********************
45832
41738
95981
120029
12464
98371
208561
148066
157665
19012
297606
277391
225859
197486
106099
132572
102347
264395
224081
112304
190547
57784
222616
62763
197731
71819
240350
304844
267839
267739
***********************
Iteracao 43
***********************
267325
269031
41520
264479
238137
229280
162645
149120
227081
333037
82828
204451
275765
245513
99815
242540
100372
44155
302710
234409
193102
144110
134546
136491
54957
135923
67308
211684
134237
277228
***********************
Iteracao 44
***********************
67722
131797
311224
253807
170128
87677
136875
124228
217658
59960
84253
100297
53239
128012
233257
53488
114507
319357
261373
34668
267990
292304
291408
267336
129106
246152
139693
307453
72871
179254
***********************
Iteracao 45
***********************
87883
181067
306493
247619
185804
67355
93512
98577
17127
84082
277143
265222
115733
171062
9760
16080
145536
262132
250370
132384
243046
250835
132065
121614
238368
201003
104765
293265
9649
3615
***********************
Iteracao 46
***********************
228528
219339
101890
142608
188648
314697
217976
82800
264540
152696
45205
230720
208024
264774
65827
142379
184736
149014
249752
34600
241549
246434
315202
143905
60789
148749
174813
228217
291249
286832
***********************
Iteracao 47
***********************
123602
277967
48113
187265
263581
276699
72554
228682
190808
98106
65657
154425
101167
222948
32713
114711
37730
297903
168400
210499
109435
249362
40151
247289
289827
249448
86391
312613
29927
215386
***********************
Iteracao 48
***********************
245826
35221
101814
273571
276702
269322
124313
185365
286999
167748
200502
181601
108122
219716
42111
181607
149125
226640
28453
7859
235346
98236
17752
195638
287851
299055
60655
284784
236606
47067
***********************
Iteracao 49
***********************
39225
8855
57954
106015
176269
172192
167050
74020
288801
33363
93338
175299
283810
131540
170208
279237
211928
175836
79633
224542
67223
37861
190148
75206
17792
184504
276241
95534
164348
161394
***********************
Iteracao 50
***********************
177469
309057
184232
288525
177700
74932
218871
115661
26615
302046
239773
69181
108756
15504
147482
31844
65912
274414
288636
82416
247034
50346
321303
182713
249089
285090
25399
118907
153409
244423
***********************
Iteracao 51
***********************
256591
263419
21888
149586
149042
24578
147856
51080
99304
261461
280755
135964
109661
319950
293873
178906
251028
148284
261959
42341
70232
290564
294984
54612
185461
306331
5562
150730
110335
222802
***********************
Iteracao 52
***********************
133430
12045
240020
113520
30984
222779
43548
281430
121277
93288
177730
295186
160496
195594
40034
158250
100727
152089
167577
222130
296751
288378
245747
84796
257389
293955
138766
30778
188088
295792
***********************
Iteracao 53
***********************
112333
175842
145372
131496
276000
225886
81808
1986
192282
254152
209052
276253
196119
259724
282500
295291
226286
92974
260672
173502
233864
142064
282257
141474
6622
161944
246515
58746
44723
74017
***********************
Iteracao 54
***********************
218582
239773
193505
10584
298933
87983
105722
93539
54726
14621
148061
179681
182086
33073
279809
117853
21899
231870
254856
143397
195622
287392
249523
310375
283824
256261
244204
283519
233208
246113
***********************
Iteracao 55
***********************
225884
100358
144163
191999
191813
131047
223296
183341
299578
229431
285703
123721
268898
119511
205673
146387
147105
275837
163207
190583
180385
239335
93222
191270
238603
318690
170524
37733
152178
161363
***********************
Iteracao 56
***********************
279372
263650
90385
279316
48120
251865
205994
269369
283757
213802
151496
241931
15524
246384
57160
17872
15854
49836
172967
4094
219430
11675
292123
132840
259055
130051
124680
189314
290001
30963
***********************
Iteracao 57
***********************
76298
87242
283041
146263
262173
245459
244956
40496
196837
35143
320780
125828
53790
306067
131239
92323
133980
231259
106539
249133
272057
263098
219449
154953
6398
98617
85969
17749
286986
241838
***********************
Iteracao 58
***********************
58621
286958
180542
297910
110615
295483
50647
162963
293408
154198
310857
210406
217612
26819
176656
270164
124892
267129
270731
34996
288451
256718
280418
169210
105136
252475
223977
157339
175446
203965
***********************
Iteracao 59
***********************
246429
281681
34841
269761
36716
61136
105203
197544
188138
180461
129341
313079
127960
267451
133043
223836
205548
178768
153426
13155
101732
265339
166498
38442
24676
71864
220068
96716
293172
90286
