alocou matriz de adjacencia
alocou matriz de feromonio
leu matriz de adjacencia
alocou matrizFormigas
Vertice objetivo == 38
***********************
Iteracao 0
***********************
125
270
248
470
331
599
658
63
45
621
314
528
184
15
734
243
70
198
397
153
231
115
253
494
27
456
541
36
688
145
***********************
Iteracao 1
***********************
216
246
193
89
42
352
277
711
501
316
53
332
404
48
79
68
17
143
75
299
198
38
15
249
91
202
35
201
207
207
***********************
Iteracao 2
***********************
131
172
17
110
124
59
43
17
249
228
18
17
92
264
454
414
68
369
97
15
389
33
105
36
406
320
59
115
418
579
***********************
Iteracao 3
***********************
305
28
224
93
250
46
17
17
591
111
17
70
175
356
106
260
157
17
17
348
17
98
66
179
17
212
59
17
17
309
***********************
Iteracao 4
***********************
17
217
17
18
142
17
93
122
113
17
141
17
17
73
17
17
93
155
17
37
15
17
17
17
17
17
32
249
127
17
***********************
Iteracao 5
***********************
86
56
17
59
17
88
323
17
17
17
17
17
50
17
142
17
17
65
242
17
74
38
76
88
17
26
173
143
73
17
***********************
Iteracao 6
***********************
17
123
17
17
17
58
286
17
38
17
13
60
17
17
17
17
17
17
17
43
48
17
90
17
172
255
15
155
151
17
***********************
Iteracao 7
***********************
287
15
17
17
74
17
17
87
17
17
17
17
122
17
17
17
17
27
17
26
17
17
17
17
71
17
17
71
17
27
***********************
Iteracao 8
***********************
17
59
127
70
63
17
17
17
17
33
17
17
17
15
15
104
17
17
17
62
17
256
36
17
17
17
116
289
17
17
***********************
Iteracao 9
***********************
17
17
17
17
18
17
17
17
17
227
17
17
17
110
77
17
55
17
122
17
17
152
17
17
17
17
33
17
17
17
***********************
Iteracao 10
***********************
17
200
17
86
185
17
313
17
131
17
17
17
17
17
17
17
17
17
15
17
17
17
21
17
17
27
125
17
26
85
***********************
Iteracao 11
***********************
17
17
17
17
17
17
143
17
27
17
17
17
17
17
17
17
15
82
17
39
17
17
65
17
17
78
17
17
31
17
***********************
Iteracao 12
***********************
17
78
17
157
17
307
17
17
15
17
27
17
17
17
105
17
200
17
17
15
18
17
17
17
17
119
15
17
17
51
***********************
Iteracao 13
***********************
21
372
17
17
17
17
17
172
17
17
17
23
17
161
17
27
17
17
17
17
28
30
17
26
17
17
17
17
17
17
***********************
Iteracao 14
***********************
17
17
17
13
17
17
17
17
27
17
17
17
17
62
17
17
27
37
17
27
17
27
17
17
17
15
17
17
17
17
***********************
Iteracao 15
***********************
17
15
17
17
17
17
17
17
17
17
17
25
17
18
17
17
17
309
59
17
17
87
190
17
94
17
17
97
59
237
***********************
Iteracao 16
***********************
17
17
17
17
291
17
17
45
124
17
17
17
300
15
27
17
17
157
17
53
17
17
286
68
289
17
17
17
17
17
***********************
Iteracao 17
***********************
82
17
17
17
17
17
222
17
15
37
17
27
17
120
17
17
17
17
17
17
17
17
17
17
27
17
55
17
17
17
***********************
Iteracao 18
***********************
17
47
72
27
17
17
17
17
27
28
17
17
17
17
17
17
17
17
17
17
17
17
39
17
17
63
17
15
17
17
***********************
Iteracao 19
***********************
17
17
17
17
85
17
59
239
27
17
17
17
18
27
27
17
150
80
27
17
78
17
270
69
17
17
17
27
17
142
***********************
Iteracao 20
***********************
53
17
17
17
27
17
17
17
27
17
17
17
17
54
17
27
17
17
32
17
55
93
17
17
17
27
27
17
17
17
***********************
Iteracao 21
***********************
71
17
15
17
15
15
27
27
181
17
27
17
85
17
281
27
17
17
17
17
27
17
17
17
27
17
27
17
27
17
***********************
Iteracao 22
***********************
17
17
27
17
17
17
17
31
17
17
15
17
17
17
27
17
90
27
100
17
17
17
286
17
17
17
21
17
15
17
***********************
Iteracao 23
***********************
17
27
17
37
27
17
182
17
17
18
15
306
17
27
67
17
17
17
17
44
95
17
15
17
140
66
27
17
27
17
***********************
Iteracao 24
***********************
17
17
27
18
17
17
17
65
17
27
15
31
27
27
17
15
27
27
17
15
17
84
17
17
101
98
27
17
17
17
***********************
Iteracao 25
***********************
17
17
202
181
17
27
17
15
234
27
17
17
17
17
27
15
15
70
27
17
27
27
17
17
48
17
27
46
17
17
***********************
Iteracao 26
***********************
130
17
27
264
27
17
17
27
188
40
27
17
202
17
17
27
27
17
17
17
17
27
15
29
82
221
17
17
27
15
***********************
Iteracao 27
***********************
92
15
17
98
58
27
15
17
27
17
17
114
13
27
354
17
17
27
27
17
27
17
17
27
17
17
60
27
17
17
***********************
Iteracao 28
***********************
17
17
18
17
17
27
27
39
27
17
17
27
37
27
27
27
17
17
27
27
27
15
107
27
27
17
18
17
27
17
***********************
Iteracao 29
***********************
27
17
27
17
27
27
17
17
15
17
92
27
17
27
17
27
17
17
112
15
129
17
37
17
17
15
17
27
17
27
***********************
Iteracao 30
***********************
17
15
13
17
17
13
27
17
17
168
27
27
17
167
17
48
27
177
17
17
27
27
17
27
27
27
17
17
109
171
***********************
Iteracao 31
***********************
27
27
27
47
17
27
27
100
27
27
27
27
17
87
27
17
362
27
34
310
17
17
27
17
17
27
34
15
287
27
***********************
Iteracao 32
***********************
17
27
33
17
17
27
27
25
27
72
17
27
15
20
27
80
17
17
191
15
90
51
17
17
17
17
46
27
17
17
***********************
Iteracao 33
***********************
17
109
27
27
17
27
17
27
17
27
15
17
27
17
27
27
27
15
77
17
27
15
17
17
128
32
27
27
17
27
***********************
Iteracao 34
***********************
27
27
27
27
27
214
27
27
27
46
17
17
27
27
17
27
27
17
17
15
17
15
17
17
130
17
27
27
17
17
***********************
Iteracao 35
***********************
27
17
27
27
27
27
23
17
25
38
166
17
17
17
15
27
27
66
17
17
17
53
27
27
64
17
37
17
43
37
***********************
Iteracao 36
***********************
17
17
27
175
27
27
27
97
27
27
17
17
17
17
27
27
47
17
27
17
81
17
13
15
15
220
27
27
27
37
***********************
Iteracao 37
***********************
27
17
17
17
15
23
27
17
27
27
17
27
31
15
224
17
27
27
15
27
27
15
17
17
27
17
17
15
27
119
***********************
Iteracao 38
***********************
118
27
55
17
27
27
27
15
46
15
318
17
17
201
17
17
82
27
27
66
27
27
103
30
17
15
27
17
17
27
***********************
Iteracao 39
***********************
183
27
17
27
17
27
17
17
27
17
17
27
232
27
17
27
17
27
27
17
17
27
17
27
95
27
150
27
27
27
***********************
Iteracao 40
***********************
27
17
27
27
103
17
27
13
68
17
39
17
17
27
17
27
36
70
58
27
27
27
67
17
27
116
34
17
27
17
***********************
Iteracao 41
***********************
27
17
92
17
17
27
17
27
27
17
27
17
27
54
17
27
27
17
27
170
17
27
15
17
27
18
27
27
27
15
***********************
Iteracao 42
***********************
17
17
17
27
27
27
66
27
27
27
27
27
27
27
25
27
27
27
17
17
27
37
27
27
164
27
15
27
17
15
***********************
Iteracao 43
***********************
27
17
17
15
17
17
17
27
27
17
27
17
27
17
27
17
27
27
74
17
27
27
27
34
15
27
17
27
17
126
***********************
Iteracao 44
***********************
307
159
27
27
17
27
27
17
27
17
27
17
49
27
15
17
17
17
27
17
17
27
27
27
17
27
27
18
54
27
***********************
Iteracao 45
***********************
27
27
27
27
27
15
27
27
27
17
27
17
15
27
27
17
27
17
27
27
27
27
27
27
27
27
117
86
27
27
***********************
Iteracao 46
***********************
27
15
17
27
15
34
27
27
37
17
57
27
17
27
27
27
27
15
25
17
27
89
27
27
27
17
13
229
27
17
***********************
Iteracao 47
***********************
17
17
15
38
27
27
27
120
27
27
27
46
69
37
15
56
17
17
27
27
27
27
17
27
27
27
27
27
15
27
***********************
Iteracao 48
***********************
15
27
17
27
17
27
27
43
27
37
15
27
17
27
27
27
15
27
27
15
27
27
15
27
27
27
27
23
27
27
***********************
Iteracao 49
***********************
27
17
27
27
27
23
27
17
27
42
27
27
17
27
27
27
27
27
27
299
27
27
129
27
27
44
17
32
17
15
***********************
Iteracao 50
***********************
27
15
17
27
17
17
27
15
27
23
30
27
27
27
27
27
27
27
17
23
15
15
113
15
49
27
23
17
17
27
***********************
Iteracao 51
***********************
109
15
27
17
15
27
27
17
27
27
27
15
27
27
27
17
27
17
27
27
17
27
27
111
27
27
27
27
17
27
***********************
Iteracao 52
***********************
13
17
27
15
27
17
27
27
17
27
15
27
27
27
27
17
27
27
15
27
27
88
27
27
27
80
27
229
17
27
***********************
Iteracao 53
***********************
114
17
23
224
27
97
17
27
23
27
25
17
17
17
27
15
27
27
27
17
27
27
27
27
27
27
39
15
97
27
***********************
Iteracao 54
***********************
27
27
15
27
27
27
27
27
15
27
27
17
17
27
27
27
27
168
15
27
27
27
156
27
17
27
112
27
17
17
***********************
Iteracao 55
***********************
27
27
27
17
27
17
17
23
17
27
27
27
27
94
27
27
17
17
27
27
15
27
27
17
27
27
15
15
27
17
***********************
Iteracao 56
***********************
39
27
54
27
17
27
27
27
17
27
27
116
27
27
27
27
17
17
17
13
27
15
17
27
27
27
17
27
27
27
***********************
Iteracao 57
***********************
28
27
27
27
34
15
27
27
27
27
15
27
27
27
27
17
27
27
27
23
27
17
27
17
27
27
17
17
15
17
***********************
Iteracao 58
***********************
27
27
23
17
32
27
17
17
17
27
27
27
27
27
27
27
27
27
208
15
27
59
27
17
17
27
15
27
17
17
***********************
Iteracao 59
***********************
15
36
27
15
204
27
27
18
42
27
27
27
27
15
27
27
17
66
27
33
17
27
27
27
17
27
27
17
27
27
