alocou matriz de adjacencia
alocou matriz de feromonio
leu matriz de adjacencia
alocou matrizFormigas
Vertice objetivo == 650
***********************
Iteracao 0
***********************
55033
28092
56682
72307
7714
51874
12751
63805
62448
74532
90907
90679
45693
10528
55889
78889
87487
78823
76886
56740
78657
53927
74469
1459
7041
8537
7821
39285
6515
5635
***********************
Iteracao 1
***********************
55635
49234
69286
72855
21588
45760
38982
64168
48519
83832
5751
68502
12502
4402
28873
79076
40173
69112
72264
28310
63335
27802
88705
105103
68735
14545
25753
15102
92713
58076
***********************
Iteracao 2
***********************
82525
57830
2497
43107
44925
23692
47584
57805
35492
44902
4388
6197
53698
70578
80000
29649
51606
44278
101873
204
40181
54893
59547
33662
89282
20794
14149
15231
14431
68696
***********************
Iteracao 3
***********************
68326
56310
74518
75755
30105
57672
80622
82600
63943
23068
49190
79494
4047
19886
31257
9558
12989
100952
77975
39542
39390
62826
46059
38616
72512
82734
71873
7843
22901
38484
***********************
Iteracao 4
***********************
8623
68088
62846
68986
56434
78125
26471
42603
70620
81475
54055
84816
61985
14433
24461
45491
51285
84452
68811
20478
3059
518
76974
37784
1460
100835
46724
71403
39805
54358
***********************
Iteracao 5
***********************
75824
86814
38546
96070
88811
36360
64641
9159
87163
24066
59112
51860
70884
60475
53707
29129
13180
58140
20328
61582
65717
63504
57450
33454
69541
63967
24040
85297
11592
51628
***********************
Iteracao 6
***********************
58222
60865
64265
65760
47804
71846
33816
36917
12945
22682
9964
88000
77164
35536
39050
7859
23237
58982
56201
59920
22020
60152
37652
52915
15351
9428
76242
28038
13132
65553
***********************
Iteracao 7
***********************
44370
81512
44795
89794
35153
20427
2678
27085
11896
68151
94098
16420
33596
34104
74385
80297
54996
57370
61810
18492
66934
91134
49836
26100
36671
6255
74599
62286
12637
33312
***********************
Iteracao 8
***********************
35458
27707
33981
31638
35185
79218
81075
87387
62635
93137
54384
53621
41076
65133
35920
50920
32200
76015
58858
94458
44241
13366
63097
56365
20290
76830
94136
64763
66896
70024
***********************
Iteracao 9
***********************
18349
20991
44752
72841
28860
26955
98302
81581
41298
95565
45469
8976
76535
87136
58916
91836
58572
982
66633
44916
78953
32067
43807
70190
57043
43604
80860
70365
58609
8018
***********************
Iteracao 10
***********************
31195
59324
23679
56461
49069
2338
39599
92838
69848
47630
23370
69642
10507
22308
48023
4045
94572
1004
86158
40214
46430
53493
3473
86390
85717
69988
45843
18735
13484
67249
***********************
Iteracao 11
***********************
22134
41802
84756
87800
95777
34531
64061
21999
41377
64727
2856
20184
59503
37028
32199
18358
84889
86631
24130
62092
65341
51926
75988
59028
61709
9833
88434
94357
44753
50960
***********************
Iteracao 12
***********************
36016
16265
16596
71711
19668
53257
450
53841
36298
35902
17365
56602
70448
36876
75807
15661
8377
83159
33286
43733
18968
22647
29024
25138
25632
48990
12242
59692
30621
67104
***********************
Iteracao 13
***********************
84760
58969
35764
30848
58347
19112
74225
19845
27454
54373
66090
48823
25592
49851
18009
16916
61188
82705
93581
59681
40568
58097
69920
46946
71165
59066
54294
70136
71192
80923
***********************
Iteracao 14
***********************
8312
56147
30414
51749
12002
70674
90911
18597
34856
57109
80678
89720
20672
17689
33697
77468
65702
66420
76969
39699
32459
22146
43251
47769
37051
21626
75977
64597
52116
31613
***********************
Iteracao 15
***********************
53849
38654
75347
44012
58256
53350
63701
70412
79289
93312
26427
72365
35459
24597
61976
21206
25530
30754
26578
26918
14185
12652
42277
61909
86443
89445
91593
86521
2647
94010
***********************
Iteracao 16
***********************
100891
41144
28747
18180
54225
11307
3705
61308
6203
16874
82374
28103
12931
69603
53671
61793
81464
13647
91114
55310
44871
37321
8201
50752
53707
71356
88296
57019
28974
82918
***********************
Iteracao 17
***********************
14535
83070
48180
81483
69551
29485
76629
36493
49426
88894
15475
55556
33426
5629
74537
43613
15053
1463
6671
59287
72576
25568
66639
67158
9217
39602
53009
37424
71741
88618
***********************
Iteracao 18
***********************
46760
25744
44855
64792
69463
30114
1119
32625
70256
36036
90362
67273
84192
20103
74507
34073
69258
50
49655
60120
37374
36378
26985
62656
30391
55775
23306
63688
28696
1882
***********************
Iteracao 19
***********************
84975
44503
32049
41149
6965
50344
44110
9766
47797
19702
87891
34394
49489
6116
76153
40670
54338
65249
83419
83476
11308
68057
18428
51064
26779
61212
46976
23159
69170
92890
***********************
Iteracao 20
***********************
42960
41377
29980
67970
55480
98712
27354
43454
74260
63944
43455
4293
16090
23658
68811
48215
29212
86475
65145
27414
27422
51577
12041
75532
8502
61741
32350
34412
44002
70641
***********************
Iteracao 21
***********************
27306
52422
81782
47212
39961
24464
78902
53487
97051
5733
26502
20933
27634
5532
84447
10065
81756
70240
2478
15220
19520
18108
68381
35946
36771
69163
20436
5668
8425
49515
***********************
Iteracao 22
***********************
71826
2222
42748
19597
52667
50203
41784
22698
21887
35886
11847
58397
83259
34641
86400
100279
29530
18915
42559
67918
71007
19193
55749
96180
15515
22742
51232
17698
6735
65187
***********************
Iteracao 23
***********************
76708
87461
59558
52009
23799
80407
70159
84997
55045
67121
18604
55765
31260
6115
39892
52861
60642
73927
2667
42211
45456
32864
71744
60300
85753
49188
57310
56928
10919
13564
***********************
Iteracao 24
***********************
72765
12309
560
67661
44209
10903
38837
42377
50
54232
83035
67560
10516
55980
65095
45120
2679
24756
60474
20986
13940
61253
57098
34660
79807
76679
46200
7637
21409
88371
***********************
Iteracao 25
***********************
52450
76874
2201
63917
27410
40039
21991
12858
16810
41063
65986
76903
67564
51323
38047
88469
18126
91933
68547
33266
30415
40963
86962
96962
32638
40035
15284
90384
84301
11939
***********************
Iteracao 26
***********************
82556
87901
84888
51238
89528
50
84951
88136
21330
55346
63274
52083
28870
46643
16535
16066
17572
54920
46780
16949
76279
84802
76641
62892
39798
28498
10587
26917
13260
23512
***********************
Iteracao 27
***********************
90710
16270
79448
10449
37616
13648
68489
82706
72467
12577
56780
44485
75740
83453
20165
60901
25548
71386
32089
74069
31051
7303
5211
81481
65615
37137
30721
62325
16372
45822
***********************
Iteracao 28
***********************
14486
33699
81701
8648
20805
9017
18257
64654
69873
29323
40177
67755
57530
15941
46566
5415
15524
77118
88085
40921
32579
53135
16355
63196
51600
49887
84303
93011
68137
82423
***********************
Iteracao 29
***********************
17506
72714
95333
59096
66154
22059
40446
34492
542
89461
11252
96201
10922
70870
52185
33270
85151
26094
15487
19596
84388
54149
67527
40442
83673
4282
69998
795
49651
9423
***********************
Iteracao 30
***********************
75941
10606
22547
10817
14231
79245
79578
2225
35940
60402
65246
462
79992
26491
93005
74588
73224
54550
13897
49151
30799
13625
39849
69843
92279
16504
48579
30324
92003
3005
***********************
Iteracao 31
***********************
61403
4070
103691
68656
7729
78125
84515
77329
59582
40000
17055
75254
45927
77127
73019
45712
13804
3297
36120
67224
87222
38700
91749
75816
89615
72240
62400
54273
3140
56309
***********************
Iteracao 32
***********************
82236
99729
45950
54048
56737
5960
7976
62804
5367
32398
47776
54129
32325
27641
80140
4113
12265
49605
40308
71532
65293
67342
95264
49034
22468
19091
63829
63905
90192
81852
***********************
Iteracao 33
***********************
11889
68405
18234
83283
39136
68491
48424
88448
74161
4158
31617
34589
64814
24823
47434
42211
42929
60896
49166
69071
35907
25815
70951
48481
74673
3990
33529
46092
64350
69807
***********************
Iteracao 34
***********************
75571
61271
48883
77726
97693
95984
88175
65268
37281
34665
94256
9748
9587
45056
29405
43531
35361
73213
27760
69008
40010
51027
52870
50
6812
51945
40202
29617
17451
64705
***********************
Iteracao 35
***********************
32761
460
80541
18539
10385
56092
41444
54320
3728
46920
86697
35575
24307
29462
51289
95363
23778
100719
26993
80100
21086
12196
78448
31527
23544
84075
81455
70111
53664
2150
***********************
Iteracao 36
***********************
67708
87689
73299
87444
11899
50847
66213
89250
82630
16448
69995
74947
25725
46041
21118
30447
3859
85161
19382
21087
35089
43636
54856
64448
71809
56505
39731
59343
1491
35725
***********************
Iteracao 37
***********************
52516
36936
67333
18210
75849
24782
74279
46292
33653
73559
96365
50
41
11885
50
37262
3473
41626
62588
20222
63603
61192
63543
75096
92370
100890
62054
83368
84755
19487
***********************
Iteracao 38
***********************
7453
65629
62218
69128
34698
40708
8432
29131
2937
26943
3437
8389
1429
46504
26652
74342
61409
54951
4565
43191
3783
45949
60130
50257
57137
5573
5503
20001
26643
75525
***********************
Iteracao 39
***********************
50
245
69747
598
18122
32401
64854
27539
60677
69621
46609
26611
34790
11996
97230
76130
64295
62711
7612
54321
40315
44961
78743
37545
35416
64138
78770
61892
56095
82979
***********************
Iteracao 40
***********************
8566
27036
17550
16452
52662
30510
70516
31723
62202
69126
20586
69791
76605
9592
58220
32298
69464
24258
39723
75827
94320
18814
47353
62647
2512
50372
50344
70737
18578
69051
***********************
Iteracao 41
***********************
78616
88669
2834
23983
24925
212
81992
56826
26816
96631
65713
50
66480
18381
49607
14642
10599
101345
52033
8441
47728
50
38565
55437
82130
33447
94101
75028
59686
62153
***********************
Iteracao 42
***********************
38728
4459
73111
32041
50013
6817
44165
50314
6227
50
57215
51723
83574
83197
48375
46559
76275
23598
87412
8835
59095
50
81112
73007
5510
44551
77520
41920
19183
25962
***********************
Iteracao 43
***********************
80650
45901
48039
76458
29535
29065
74879
3528
98835
11470
68544
35891
50
10729
32694
33101
37026
58932
86116
102
12974
17160
6126
90662
61126
57119
40440
100232
50
12317
***********************
Iteracao 44
***********************
95430
39091
40012
50
5958
45366
32035
94246
38415
49117
83138
43503
80062
47743
56301
94116
88722
11267
59730
58921
57976
21789
67102
60848
77570
77521
76273
27468
50
32618
***********************
Iteracao 45
***********************
52996
34233
34903
1045
50707
88735
64768
14466
42865
21053
50
88278
34668
28774
47316
62068
9141
90887
47270
56220
50
83934
25078
4040
65463
79158
50075
6641
71160
62283
***********************
Iteracao 46
***********************
81686
33059
50007
10390
52476
34039
48459
84831
1631
7784
33942
49942
31844
12345
50
47824
65919
19332
50
13780
46580
50
51770
29412
14183
67871
19911
47118
61132
87141
***********************
Iteracao 47
***********************
27198
4788
72254
19303
50872
48785
70262
63126
55064
50
29204
2950
53437
13838
28993
25566
61996
9291
56586
50973
290
39625
50
66049
18251
78718
798
24459
79307
47833
***********************
Iteracao 48
***********************
12419
45306
97923
80865
37507
45439
15160
69437
41400
37061
67805
50444
62391
9018
62115
77598
30472
61402
47725
61887
5243
13009
50
16109
16574
92983
66798
50
18930
39919
***********************
Iteracao 49
***********************
50
70845
61263
50602
26805
77816
93605
62172
21623
50
27341
6611
50
35452
83557
26071
61227
5195
21947
30425
13832
76945
32729
25994
43205
7942
20124
66569
11106
82581
***********************
Iteracao 50
***********************
12749
31868
17926
1346
67298
72264
63061
10892
23509
99316
71107
55591
32724
85430
50807
45822
73701
55976
78060
50
44768
12189
50
870
24694
25683
24574
11669
79763
50
***********************
Iteracao 51
***********************
7750
67734
64525
59355
26278
44901
23157
8455
13144
75800
28305
55656
27587
41415
20084
58573
55023
26725
18291
67719
76855
31932
5517
28589
65089
56934
61003
50
23383
52979
***********************
Iteracao 52
***********************
80720
41576
75335
43177
95618
87019
60138
42052
823
50
69388
64745
41301
29906
50
29270
16956
37098
82200
48136
3442
69228
52856
3876
60941
50
50
72857
15105
35854
***********************
Iteracao 53
***********************
25144
48872
52153
27814
59759
45757
71919
11532
15200
60897
22449
73057
50
76982
23372
54431
50
668
50
34760
41741
50
76411
50
66192
37639
10521
14788
29334
50
***********************
Iteracao 54
***********************
50
87434
18143
93206
86114
59188
60456
76992
5610
46926
66801
35315
33354
50
29318
25800
53414
72844
50
73034
3638
83315
53895
77915
74029
31656
50
51444
21861
51833
***********************
Iteracao 55
***********************
54723
50931
50
9797
96630
30650
50
904
4276
31546
51612
9635
34782
57382
92541
13195
68398
62128
87131
39920
58714
65058
55618
62722
26592
21460
50
50
77422
19123
***********************
Iteracao 56
***********************
50
50
16188
15988
73952
56792
33429
14740
36329
46443
50
69243
46579
63840
47218
72307
18608
38533
50
10908
19077
83943
26673
50
46848
38039
72512
15313
39442
17926
***********************
Iteracao 57
***********************
50
40740
12206
50
61786
50
90931
50
9982
50
53103
77474
41220
84936
50215
17490
40687
38598
20773
81009
67318
41929
24932
50
29858
11953
50424
65760
77904
50
***********************
Iteracao 58
***********************
50919
35485
39850
89154
233
18842
24635
39844
1008
50
37232
63087
85474
54862
50941
50
92756
16039
6263
50
50
85936
2808
50
82384
11346
966
6549
56950
46313
***********************
Iteracao 59
***********************
2893
11218
1173
17191
85170
11050
16460
44447
50
63611
2814
5867
66026
42560
15328
50
88732
45934
50
50
83408
8061
78233
50
28707
13130
7890
5562
38415
30301
