alocou matriz de adjacencia
alocou matriz de feromonio
leu matriz de adjacencia
alocou matrizFormigas
Vertice objetivo == 250
***********************
Iteracao 0
***********************
12626
11044
8884
5580
1742
7874
8587
15639
8502
10418
12833
10290
8874
9338
7902
7966
3140
7691
5772
10543
14726
14229
17412
14278
2250
9408
5124
9311
10808
17241
***********************
Iteracao 1
***********************
13857
10386
645
10690
5595
8190
5862
8676
13711
3553
5561
11556
1994
1736
6620
3010
4559
11090
10834
5037
13170
4551
4932
11696
12049
3646
2360
16408
2239
14339
***********************
Iteracao 2
***********************
1524
6487
1787
1298
11190
5061
3374
12467
8159
10107
3765
15273
2388
5333
10119
2314
4885
6356
10229
9855
958
10979
2008
10769
15464
7052
3229
8158
11746
10921
***********************
Iteracao 3
***********************
11677
1457
1971
10276
11923
5757
2488
181
13681
9930
7799
12467
5405
4668
5478
8069
2882
11800
6347
15693
17338
4386
11984
12037
3068
12022
16719
6349
3591
6475
***********************
Iteracao 4
***********************
8287
13563
9483
1132
4160
10595
16632
4108
7769
3919
1494
12913
758
11599
15745
5523
254
10854
7606
7891
2363
4277
13948
1303
13700
17502
15173
960
5710
434
***********************
Iteracao 5
***********************
298
1357
2446
6619
4719
898
3244
2535
13438
228
1695
5556
8203
12360
9595
4947
10585
3658
9177
4527
1019
6975
4832
1021
14917
3015
4986
13106
7555
16434
***********************
Iteracao 6
***********************
13865
12844
12639
1393
9323
5738
210
3812
8451
13349
898
2856
11502
4815
1966
9077
1584
3875
2360
577
5552
9459
13508
6636
11665
7714
1166
13837
12670
12789
***********************
Iteracao 7
***********************
8392
9729
9022
1113
5282
1747
4714
9842
1828
4644
1397
7336
4072
8207
14282
6643
13265
15231
1111
5619
2902
9353
1356
11082
3921
10044
12149
9953
4301
3446
***********************
Iteracao 8
***********************
10967
4248
7786
7833
11528
2526
2075
10854
14920
9979
13137
4089
984
1498
2467
11599
8736
4858
1671
3694
1780
2508
13239
2156
325
8587
5480
13672
4334
5402
***********************
Iteracao 9
***********************
2071
7045
953
895
6377
8833
13030
14487
2825
2229
3609
12511
8451
6026
8481
645
1823
5862
3875
13372
1987
13494
13645
504
10271
9249
14584
432
10942
11360
***********************
Iteracao 10
***********************
8545
9714
11625
10229
3044
5356
1373
7998
7263
541
5029
8927
9172
12621
11586
11942
1968
1730
1102
5565
14675
2943
562
12770
2779
2907
2898
13137
7191
12948
***********************
Iteracao 11
***********************
2234
3387
929
11898
15127
3475
4242
9495
4980
8089
5206
339
2902
8029
1630
5705
12000
5714
8369
4071
1903
2412
10692
1325
9240
1632
3314
5341
3938
6273
***********************
Iteracao 12
***********************
3825
644
345
4055
1591
14173
12774
8798
3971
3359
11248
14181
1051
3955
6411
5553
13826
5664
9195
11767
10020
9193
523
1035
6129
3590
2823
1900
12834
83
***********************
Iteracao 13
***********************
8089
11227
9019
2735
10666
4822
7850
2296
3113
1215
3893
8479
9659
7932
10537
1197
11674
12217
13608
3439
6435
7832
3980
4240
8416
8871
4855
2465
3880
3333
***********************
Iteracao 14
***********************
141
9702
6521
12827
2927
8991
14327
5702
9298
11098
8151
3505
12590
9950
2588
3725
2041
3536
2484
8173
10128
15918
2714
5122
2122
8508
7055
11149
6527
1005
***********************
Iteracao 15
***********************
2702
3927
4704
5839
12053
739
3431
7470
6542
12682
1254
660
8949
11694
11486
1048
7781
661
11282
4624
3536
6821
3341
1169
486
11493
2872
8297
2521
9606
***********************
Iteracao 16
***********************
6458
3810
8253
5999
334
3004
5620
10094
15749
6234
6719
10040
3406
6245
6429
2505
6360
4554
12085
1434
5203
4357
2532
5588
4005
1972
2163
4172
1759
1805
***********************
Iteracao 17
***********************
2197
10479
9417
4422
2560
10115
4835
5041
2003
10126
2077
13653
582
2334
90
14549
792
1837
12113
11737
6236
13834
373
2558
6980
2065
7890
11942
13260
7454
***********************
Iteracao 18
***********************
2228
11643
6320
4237
2376
3851
4945
4121
3331
9290
11163
14496
6302
15210
2477
6791
7419
3538
10139
4442
5822
11411
8196
8093
11027
1689
2226
2896
3953
3229
***********************
Iteracao 19
***********************
1160
3936
10005
10134
641
9596
15501
5622
5368
9189
1393
7279
3107
4740
6465
11082
5276
3026
5683
2522
3421
8802
325
1513
3940
5008
5494
944
525
823
***********************
Iteracao 20
***********************
6690
10982
6854
10473
470
6334
2603
1160
1282
4574
1694
8198
15975
14470
1874
7726
4776
4364
6087
11259
8459
1245
4321
5463
1910
3642
2544
1954
11934
4799
***********************
Iteracao 21
***********************
182
3031
6554
2555
786
1541
693
10896
2671
654
7702
8235
5140
3341
6135
1334
12263
10000
1018
4206
417
15081
2271
4838
1925
2160
7442
10107
7754
145
***********************
Iteracao 22
***********************
12048
3356
5438
5751
11598
9901
4023
1844
8944
1926
1981
2292
542
4993
3224
4864
6693
6237
9974
3852
6806
456
5906
598
564
1351
4874
1974
4114
8636
***********************
Iteracao 23
***********************
5902
3274
6353
2497
6888
3803
2397
2038
4309
6132
6242
9468
10979
4399
786
6048
62
6568
6926
8828
5632
1332
5834
4778
6928
15220
3237
6336
409
4656
***********************
Iteracao 24
***********************
9948
11656
2708
3070
9254
11124
13199
4129
7036
1954
9967
5396
2696
489
2386
3831
3491
1542
3163
857
135
3853
5529
3151
6805
4841
9984
3858
5536
172
***********************
Iteracao 25
***********************
5173
7693
2095
4590
1898
565
476
4476
17151
567
6985
1126
2812
3388
719
3797
1383
4412
11183
13299
4147
877
5964
6078
2121
417
7597
1166
2153
14162
***********************
Iteracao 26
***********************
8761
1157
7686
6961
5275
7292
3413
7073
12562
7731
4326
3352
3815
1328
2496
4350
7037
4450
3532
787
7822
3811
12063
589
4387
6773
780
1803
7301
1826
***********************
Iteracao 27
***********************
7278
987
2359
10304
13367
4025
6869
6740
5292
3014
3833
2622
5660
1696
609
8703
4000
66
1579
3578
3530
1619
5543
6215
1952
942
1316
47
2121
3561
***********************
Iteracao 28
***********************
5271
3604
1085
6227
2202
8522
4035
3710
1458
8388
9013
6393
9903
1899
6389
3032
229
2102
8739
7166
4329
565
1448
10680
5028
784
7621
3106
2882
5551
***********************
Iteracao 29
***********************
4028
1070
1779
2375
3440
4782
3388
576
1647
4604
3550
334
316
1781
6863
6494
7328
2981
1437
578
2232
747
5396
554
3922
1449
4802
6842
882
9415
***********************
Iteracao 30
***********************
5970
481
592
678
6002
6133
7223
7129
2176
4227
4738
4750
1550
3349
765
1332
10867
7524
1920
4709
3136
2163
2803
6498
14066
1082
2847
5572
593
5590
***********************
Iteracao 31
***********************
3602
3926
999
1001
1879
2413
3060
485
3782
4737
7742
3633
3299
5059
4075
9401
57
563
2192
5016
6755
9310
1972
2709
2785
968
2730
560
4867
3694
***********************
Iteracao 32
***********************
1918
4317
45
11080
2332
165
873
2269
7037
1367
1329
1773
5216
4616
280
964
1156
19
9097
2896
10718
125
3954
427
886
5107
1819
6968
4068
2928
***********************
Iteracao 33
***********************
9834
1197
235
1687
7595
4304
9269
5179
5027
2303
2427
656
6445
173
3065
345
3736
1439
3971
2025
6767
9998
8231
1858
7673
8193
6926
1953
209
3444
***********************
Iteracao 34
***********************
8134
19
621
6480
5097
628
1673
2464
5010
930
1474
10206
5579
5431
3047
999
4421
2714
12195
497
3083
6240
391
5302
2952
3454
2319
1405
3464
4625
***********************
Iteracao 35
***********************
5096
4432
1082
721
2593
941
4407
1818
8115
4635
514
186
2359
2141
6341
9443
8183
735
2403
305
3751
3045
19
10492
1451
2781
8390
3162
4983
744
***********************
Iteracao 36
***********************
6302
1965
593
1334
19
1544
374
1686
1268
7809
4982
3309
728
12218
8225
2930
3942
9813
2320
847
19
3645
4831
9491
4679
627
603
1443
1707
19
***********************
Iteracao 37
***********************
19
3256
11326
2121
159
19
6336
1581
19
6716
9344
2969
2400
8577
380
1709
1509
19
3216
2576
917
1036
289
13786
1246
19
6366
2260
19
358
***********************
Iteracao 38
***********************
2308
2848
6601
2604
4736
47
3443
19
19
1093
3310
1973
19
3057
19
3691
2914
19
19
285
618
19
555
2109
19
4519
9651
535
19
1796
***********************
Iteracao 39
***********************
3096
19
2957
6305
19
5036
955
19
19
19
1812
2991
19
3462
2675
19
19
19
19
2071
19
19
1269
827
705
19
1789
19
5026
3939
***********************
Iteracao 40
***********************
19
19
5448
3049
19
19
19
7797
3271
1265
19
1455
5967
1840
6665
19
19
4275
19
19
19
19
19
19
19
19
19
19
19
19
***********************
Iteracao 41
***********************
19
19
19
436
19
19
19
5492
19
19
62
19
5980
19
2903
5565
2747
19
19
19
19
19
19
19
19
19
19
4923
2521
19
***********************
Iteracao 42
***********************
19
19
19
19
10991
19
19
19
4116
19
19
19
19
19
19
19
19
19
19
19
19
19
19
19
766
19
1167
19
19
19
***********************
Iteracao 43
***********************
19
19
19
19
6389
19
19
19
4852
19
19
19
19
19
19
19
19
690
19
19
19
19
250
19
19
830
19
19
3477
19
***********************
Iteracao 44
***********************
19
19
19
19
19
19
19
19
3806
19
19
19
19
19
19
19
19
119
19
864
19
19
19
19
19
19
2588
19
29
19
***********************
Iteracao 45
***********************
19
19
19
19
19
19
19
19
19
19
19
19
19
19
19
19
19
19
729
19
6852
19
19
19
19
19
19
19
19
19
***********************
Iteracao 46
***********************
19
19
932
19
19
19
19
19
322
19
19
19
19
19
423
680
19
19
19
19
19
19
19
19
19
19
19
19
19
19
***********************
Iteracao 47
***********************
6071
19
19
19
19
5383
19
19
19
19
19
19
19
19
19
19
19
19
1218
19
19
19
19
19
2837
19
19
19
19
19
***********************
Iteracao 48
***********************
19
19
19
19
19
19
1065
19
271
19
19
19
19
19
19
2845
19
19
19
19
19
19
1727
19
19
19
19
19
19
7667
***********************
Iteracao 49
***********************
19
19
19
19
19
19
19
19
19
19
188
19
19
19
19
19
19
19
19
19
3194
5298
19
19
1071
19
19
19
19
19
***********************
Iteracao 50
***********************
19
19
4213
19
19
19
19
19
19
19
19
1107
19
19
19
19
19
19
19
19
19
19
19
19
19
19
19
19
19
19
***********************
Iteracao 51
***********************
19
19
19
19
19
19
19
19
19
19
19
19
19
7570
19
19
19
19
19
19
19
19
19
19
19
19
19
19
19
19
***********************
Iteracao 52
***********************
19
19
19
19
19
19
19
19
430
19
19
19
19
19
19
19
19
19
19
395
1490
19
19
19
19
19
19
19
19
19
***********************
Iteracao 53
***********************
19
19
19
19
1835
19
19
19
19
588
19
19
19
19
4478
19
19
19
19
19
19
19
19
19
19
19
19
19
19
19
***********************
Iteracao 54
***********************
19
19
19
19
19
19
19
19
19
19
19
19
19
1291
19
19
19
19
19
19
19
6885
19
19
19
19
19
19
19
19
***********************
Iteracao 55
***********************
19
19
3551
19
19
19
19
3819
19
19
19
19
19
19
19
200
19
19
19
19
19
19
19
19
19
19
19
19
19
19
***********************
Iteracao 56
***********************
19
19
19
2679
19
19
19
19
19
19
19
19
19
19
19
19
19
19
19
19
19
19
19
19
19
19
19
19
19
19
***********************
Iteracao 57
***********************
19
19
19
19
19
19
19
19
19
19
19
8067
19
19
19
19
19
19
19
19
19
19
19
19
2757
19
19
19
19
19
***********************
Iteracao 58
***********************
19
19
19
19
19
19
19
19
19
19
19
19
19
19
19
19
4485
19
19
19
19
19
19
19
19
19
19
192
19
19
***********************
Iteracao 59
***********************
907
19
19
19
19
19
19
19
19
19
19
19
19
19
19
19
19
19
19
19
19
19
19
19
19
19
19
19
19
19
