alocou matriz de adjacencia
alocou matriz de feromonio
leu matriz de adjacencia
alocou matrizFormigas
***********************
Iteracao 0
***********************
80
53
122
103
30
173
177
83
165
180
a formiga caiu, mas ela vai tentar de novo com muita determinação
108
deu return
137
221
78
123
153
116
10
170
37
81
184
219
118
96
139
58
171
69
143
***********************
Iteracao 1
***********************
30
48
29
47
10
178
65
162
56
104
10
69
38
54
63
10
60
91
25
17
40
10
23
10
10
10
43
10
47
126
***********************
Iteracao 2
***********************
94
10
10
115
10
57
10
10
10
10
16
10
12
10
10
10
10
42
73
10
10
10
10
10
38
10
10
63
60
10
***********************
Iteracao 3
***********************
10
61
10
10
10
10
10
10
10
17
8
44
30
10
30
145
10
46
18
25
10
10
10
10
10
10
10
10
10
10
***********************
Iteracao 4
***********************
63
10
10
10
10
10
10
10
10
10
10
26
10
18
10
10
51
10
10
10
10
10
22
10
10
10
10
10
10
35
***********************
Iteracao 5
***********************
10
33
36
10
10
17
10
29
10
10
10
18
10
10
16
10
10
10
10
10
10
10
10
10
10
10
40
31
10
8
***********************
Iteracao 6
***********************
10
10
10
10
10
10
10
10
10
10
16
10
10
10
10
10
10
10
10
10
10
10
10
10
10
10
10
10
10
10
***********************
Iteracao 7
***********************
10
10
10
10
10
10
10
10
10
10
10
10
75
10
10
10
10
10
10
10
25
10
10
10
10
10
10
10
10
10
***********************
Iteracao 8
***********************
10
10
10
10
10
10
10
8
10
10
10
10
10
10
10
10
10
10
10
10
10
10
10
10
10
10
10
10
10
10
***********************
Iteracao 9
***********************
10
10
10
10
10
10
10
10
10
10
10
10
10
10
10
10
10
10
32
10
10
10
10
10
10
10
10
10
10
10
***********************
Iteracao 10
***********************
41
10
66
10
10
10
10
10
10
10
10
10
10
10
10
10
10
10
10
10
15
10
10
10
10
10
10
10
10
10
***********************
Iteracao 11
***********************
10
10
10
10
8
10
10
10
10
10
10
10
10
10
10
10
10
10
10
10
10
10
10
10
10
10
10
8
10
10
***********************
Iteracao 12
***********************
10
10
10
10
10
10
27
10
10
10
10
10
10
10
10
10
10
10
10
10
10
10
10
10
10
10
10
10
10
10
***********************
Iteracao 13
***********************
10
8
10
10
10
10
10
10
10
10
10
10
10
10
10
10
10
10
10
8
10
10
10
10
10
10
10
10
10
10
***********************
Iteracao 14
***********************
17
10
10
10
10
10
10
10
10
10
19
10
10
10
10
10
10
10
10
10
10
10
10
10
10
10
10
8
10
10
***********************
Iteracao 15
***********************
12
10
10
8
10
10
10
10
10
10
10
10
10
10
10
10
10
10
10
10
10
10
10
10
10
40
10
10
10
10
***********************
Iteracao 16
***********************
29
10
10
10
10
10
10
10
10
10
10
10
8
10
10
10
10
10
10
10
10
10
10
10
10
10
8
25
10
10
***********************
Iteracao 17
***********************
10
10
41
10
10
10
10
12
8
10
10
10
10
10
10
10
10
10
10
10
8
10
8
10
10
10
10
10
10
10
***********************
Iteracao 18
***********************
10
10
10
20
10
10
10
40
47
10
10
10
10
10
10
10
10
8
10
10
10
10
10
10
10
8
10
10
10
10
***********************
Iteracao 19
***********************
10
10
10
8
10
22
10
10
10
10
10
10
10
10
10
10
10
8
10
20
57
10
10
10
10
10
10
10
10
10
***********************
Iteracao 20
***********************
10
8
8
10
10
10
10
8
10
10
10
10
10
10
10
10
10
10
10
10
8
10
10
10
10
10
10
10
10
10
***********************
Iteracao 21
***********************
10
10
10
10
10
10
10
10
10
10
8
10
10
10
10
8
10
10
10
10
79
10
10
10
10
10
10
10
10
10
***********************
Iteracao 22
***********************
10
10
10
10
10
10
10
10
10
10
10
8
10
8
10
10
10
10
10
10
8
27
10
10
10
10
10
10
10
10
***********************
Iteracao 23
***********************
10
10
10
10
10
10
10
10
8
10
10
10
10
10
10
10
10
10
10
10
10
8
10
10
10
10
10
10
10
10
***********************
Iteracao 24
***********************
10
10
10
8
10
10
10
27
8
10
10
10
10
10
10
10
10
10
10
72
10
8
10
10
8
10
10
10
10
10
***********************
Iteracao 25
***********************
10
10
10
10
8
10
10
10
10
10
10
10
10
10
10
10
10
10
10
10
10
10
10
10
10
10
10
10
10
21
***********************
Iteracao 26
***********************
10
10
10
10
10
10
10
10
8
10
10
10
8
10
10
10
10
10
8
10
10
10
10
10
10
10
10
10
10
10
***********************
Iteracao 27
***********************
10
10
10
8
10
10
10
10
10
10
10
10
10
10
22
10
10
10
10
10
8
10
10
10
10
10
10
10
10
10
***********************
Iteracao 28
***********************
10
10
10
10
10
10
10
10
10
10
10
10
10
10
10
31
10
10
10
10
10
10
10
10
10
10
8
10
10
10
***********************
Iteracao 29
***********************
10
10
10
10
10
10
10
10
10
10
10
10
10
8
10
10
10
10
10
10
8
10
10
10
10
10
8
10
10
10
***********************
Iteracao 30
***********************
18
10
10
10
10
8
10
10
10
10
10
10
10
10
10
10
10
10
10
10
10
10
10
10
10
10
10
10
10
10
***********************
Iteracao 31
***********************
10
10
10
10
10
10
10
10
10
10
10
10
10
10
10
10
10
10
10
10
10
10
10
10
10
10
10
10
10
10
***********************
Iteracao 32
***********************
10
10
10
8
10
10
10
10
10
10
10
10
10
10
10
10
10
10
10
10
10
10
10
10
10
10
8
10
10
10
***********************
Iteracao 33
***********************
10
10
10
10
10
10
10
10
10
10
10
10
10
10
10
10
10
10
10
10
10
37
10
10
10
10
10
10
10
10
***********************
Iteracao 34
***********************
10
10
10
10
8
10
10
10
34
10
10
10
10
10
10
10
10
10
8
10
10
10
36
10
10
10
10
10
10
10
***********************
Iteracao 35
***********************
10
10
10
10
10
10
10
10
8
10
10
10
10
10
10
10
10
10
10
8
10
8
10
10
10
10
10
10
10
10
***********************
Iteracao 36
***********************
10
10
10
10
10
10
10
10
8
10
10
10
10
10
10
10
10
10
10
10
10
10
10
10
10
10
10
10
10
10
***********************
Iteracao 37
***********************
10
10
10
10
10
10
10
10
10
10
10
10
10
10
10
10
10
10
10
10
10
10
10
10
10
10
8
10
10
10
***********************
Iteracao 38
***********************
10
10
10
10
10
10
10
10
10
10
10
10
10
10
10
10
10
10
10
10
10
10
10
10
10
10
8
10
10
10
***********************
Iteracao 39
***********************
10
10
10
10
8
10
10
10
10
10
10
10
10
10
10
10
10
10
10
10
8
10
10
10
10
10
10
10
10
10
***********************
Iteracao 40
***********************
10
8
8
10
10
10
10
10
10
8
10
8
10
10
10
10
10
10
10
10
10
8
10
10
10
10
10
10
10
10
***********************
Iteracao 41
***********************
10
10
10
10
10
10
8
20
10
10
10
10
10
10
10
10
10
10
10
10
10
10
10
10
10
10
10
10
10
8
***********************
Iteracao 42
***********************
10
10
10
10
10
10
10
10
10
8
10
10
10
10
10
10
10
10
10
10
10
10
10
10
10
10
10
10
10
10
***********************
Iteracao 43
***********************
10
10
8
10
10
10
10
10
10
16
10
10
10
10
10
10
10
10
10
10
10
10
10
10
10
10
10
10
10
10
***********************
Iteracao 44
***********************
10
10
10
10
10
10
10
10
10
10
10
10
10
10
10
10
10
10
8
10
10
10
10
10
10
10
10
10
10
10
***********************
Iteracao 45
***********************
10
8
10
10
10
10
10
10
8
10
10
10
10
10
10
10
10
10
10
10
10
10
10
10
10
10
10
10
10
10
***********************
Iteracao 46
***********************
10
10
10
10
10
10
10
10
8
8
10
10
10
10
10
8
10
10
10
10
10
10
10
10
8
10
10
10
10
10
***********************
Iteracao 47
***********************
10
10
10
10
10
10
10
10
10
10
10
10
10
10
10
10
10
10
10
10
10
10
10
10
10
10
10
10
10
10
***********************
Iteracao 48
***********************
10
10
10
10
10
10
15
10
10
10
10
10
10
10
10
10
10
10
10
10
10
10
10
10
10
10
10
10
10
10
***********************
Iteracao 49
***********************
10
10
10
10
10
10
10
10
10
10
10
10
10
10
10
36
8
10
10
10
10
8
10
10
10
10
10
10
10
10
***********************
Iteracao 50
***********************
10
10
10
10
10
10
10
10
10
10
8
10
10
10
10
10
10
10
10
10
10
8
10
10
10
10
10
10
10
10
***********************
Iteracao 51
***********************
8
10
10
10
10
10
10
10
10
10
10
10
10
10
10
10
10
10
10
10
10
10
8
10
8
10
10
10
10
10
***********************
Iteracao 52
***********************
10
10
10
10
10
10
10
10
10
8
10
10
113
10
8
10
10
10
10
10
10
10
10
10
10
10
10
10
10
10
***********************
Iteracao 53
***********************
10
10
10
10
8
10
10
10
10
10
10
8
10
10
10
10
10
10
10
10
8
10
10
10
10
10
10
10
10
8
***********************
Iteracao 54
***********************
10
10
10
10
10
10
10
10
8
10
10
10
10
10
10
10
10
10
10
8
10
10
10
10
8
8
10
10
10
10
***********************
Iteracao 55
***********************
10
15
10
10
10
10
10
10
10
10
10
10
10
10
10
10
10
10
10
8
10
10
10
10
10
8
10
10
10
10
***********************
Iteracao 56
***********************
10
10
10
10
10
10
10
10
10
10
10
10
10
8
10
10
10
10
10
10
10
10
10
8
10
10
10
10
10
10
***********************
Iteracao 57
***********************
10
10
10
10
10
10
10
10
10
10
10
10
10
10
10
10
10
10
10
10
10
10
8
10
10
10
10
8
10
10
***********************
Iteracao 58
***********************
10
10
10
10
10
10
10
10
10
10
10
10
10
10
10
10
10
10
10
10
10
10
10
10
10
10
10
10
10
10
***********************
Iteracao 59
***********************
10
10
10
10
10
10
10
10
10
10
10
10
10
10
10
10
10
10
10
10
10
10
10
10
10
10
10
10
10
10
