alocou matriz de adjacencia
alocou matriz de feromonio
leu matriz de adjacencia
alocou matrizFormigas
Vertice objetivo == 87
***********************
Iteracao 0
***********************
236
770
2228
1638
641
1036
1912
1662
171
2027
1909
1276
551
566
235
1850
1941
1011
1828
225
1370
1402
2069
1602
438
411
400
384
2287
2041
***********************
Iteracao 1
***********************
727
1571
252
410
1666
1972
822
953
471
824
1719
813
1479
1908
999
1926
344
82
1679
442
201
1685
1875
2291
2263
946
1137
50
392
1409
***********************
Iteracao 2
***********************
1545
186
1519
332
2040
844
1021
218
2263
1554
20
567
314
1268
1030
691
526
50
457
679
1311
1847
75
1100
97
853
1027
699
78
951
***********************
Iteracao 3
***********************
378
799
771
421
675
85
1342
897
349
759
728
210
549
665
20
1727
204
1001
1404
318
20
394
419
804
577
1024
1600
484
717
173
***********************
Iteracao 4
***********************
1423
12
186
471
1491
626
211
829
929
20
210
785
125
29
833
117
37
396
579
1223
443
20
345
436
62
9
20
663
1529
560
***********************
Iteracao 5
***********************
919
20
512
836
20
99
94
1720
195
631
619
712
9
1118
136
413
1307
349
79
105
12
20
220
9
206
20
551
230
379
413
***********************
Iteracao 6
***********************
519
20
561
20
265
20
1357
20
97
640
729
173
499
172
20
20
370
262
28
26
20
109
152
306
36
12
9
103
925
393
***********************
Iteracao 7
***********************
51
20
12
998
20
72
9
85
426
907
280
20
29
603
26
30
1287
12
12
138
20
168
195
20
12
20
12
20
102
737
***********************
Iteracao 8
***********************
423
456
450
12
12
12
638
274
9
20
20
12
434
12
12
12
159
20
9
12
12
121
1742
78
20
144
20
12
214
549
***********************
Iteracao 9
***********************
12
20
497
12
88
464
12
20
12
27
20
12
20
12
386
12
101
12
12
12
12
12
29
884
12
20
74
210
9
12
***********************
Iteracao 10
***********************
12
12
386
12
12
22
12
12
20
12
12
12
12
9
12
12
14
40
12
12
12
12
12
12
1263
20
20
546
12
12
***********************
Iteracao 11
***********************
50
12
12
12
12
12
12
12
20
9
12
12
12
12
12
12
46
12
12
12
72
12
12
288
12
20
12
12
12
12
***********************
Iteracao 12
***********************
12
12
20
12
12
12
638
12
12
12
9
14
20
12
12
9
12
111
12
20
12
12
12
20
12
12
12
12
12
12
***********************
Iteracao 13
***********************
12
20
12
12
20
12
12
12
12
12
308
18
12
46
12
12
12
12
12
67
12
12
12
12
12
9
12
12
12
20
***********************
Iteracao 14
***********************
12
175
12
12
150
23
12
12
12
12
20
12
12
95
12
12
9
12
12
12
12
12
12
12
12
138
311
12
12
12
***********************
Iteracao 15
***********************
20
12
12
12
12
12
12
12
12
12
12
12
12
12
12
12
12
12
20
12
26
12
12
12
12
12
12
12
111
12
***********************
Iteracao 16
***********************
20
12
12
12
12
12
12
12
12
12
12
9
9
12
12
12
12
12
12
12
12
12
12
12
12
12
130
12
12
12
***********************
Iteracao 17
***********************
12
12
12
12
12
12
12
12
12
12
12
12
12
12
12
12
12
12
12
12
12
12
62
12
12
14
12
12
12
12
***********************
Iteracao 18
***********************
12
12
12
12
12
35
12
12
12
12
12
12
20
12
14
12
12
12
12
12
12
12
12
12
12
192
12
12
12
12
***********************
Iteracao 19
***********************
12
12
12
12
12
12
12
12
12
12
12
12
38
12
37
12
12
12
12
12
23
12
12
12
12
12
12
12
20
12
***********************
Iteracao 20
***********************
12
20
12
12
12
12
12
12
12
12
12
12
12
12
12
12
12
20
14
12
12
12
12
480
12
12
12
12
12
12
***********************
Iteracao 21
***********************
12
12
12
12
12
12
12
12
12
12
12
12
12
12
12
53
12
12
12
20
12
12
12
14
12
12
12
12
12
20
***********************
Iteracao 22
***********************
12
12
12
12
12
227
12
12
12
12
12
12
12
12
12
12
12
12
12
12
12
12
12
12
12
12
12
12
12
12
***********************
Iteracao 23
***********************
12
12
12
12
12
12
12
12
12
12
12
12
12
12
12
12
12
12
12
12
12
12
12
12
12
12
12
12
12
404
***********************
Iteracao 24
***********************
12
12
111
12
12
12
12
12
12
12
12
12
12
12
12
12
12
12
12
12
12
12
12
12
12
12
12
12
12
12
***********************
Iteracao 25
***********************
12
20
12
12
20
12
12
12
12
12
12
12
12
12
12
12
14
12
12
12
12
12
12
12
12
12
20
12
12
12
***********************
Iteracao 26
***********************
12
12
12
14
12
12
12
12
12
12
12
12
12
12
12
12
12
12
12
12
12
12
12
12
12
12
12
12
12
12
***********************
Iteracao 27
***********************
12
12
12
12
12
12
12
12
12
12
12
12
12
12
12
12
12
12
12
12
12
12
12
12
12
12
12
791
12
12
***********************
Iteracao 28
***********************
12
12
12
12
12
12
12
12
12
12
12
12
20
12
12
12
12
12
12
12
12
12
12
12
12
12
12
12
12
12
***********************
Iteracao 29
***********************
12
12
12
26
12
12
12
12
12
326
12
12
12
12
12
12
12
64
12
12
12
12
12
12
12
12
12
12
12
12
***********************
Iteracao 30
***********************
12
12
12
12
12
12
12
12
12
12
12
12
20
12
12
12
12
12
12
295
12
12
12
12
14
12
12
12
12
12
***********************
Iteracao 31
***********************
12
12
12
12
12
12
12
12
12
12
12
20
12
12
12
12
12
12
12
12
12
12
12
12
14
161
12
12
12
12
***********************
Iteracao 32
***********************
12
12
12
12
12
12
12
12
12
12
46
12
12
12
12
12
12
12
12
12
12
73
12
12
41
12
12
12
12
14
***********************
Iteracao 33
***********************
12
12
12
12
12
12
12
12
12
12
12
12
12
12
12
12
12
75
12
12
12
12
12
12
12
12
64
12
12
12
***********************
Iteracao 34
***********************
12
12
12
14
12
12
12
12
14
12
12
12
12
12
12
12
12
12
12
12
12
12
12
12
12
12
12
12
12
12
***********************
Iteracao 35
***********************
12
12
12
428
12
12
12
12
12
12
12
12
12
12
12
12
12
12
12
12
12
12
12
12
12
12
12
12
12
12
***********************
Iteracao 36
***********************
12
64
12
12
12
12
12
12
14
12
12
12
12
12
14
12
12
12
12
12
12
12
12
12
12
12
12
12
12
12
***********************
Iteracao 37
***********************
12
12
26
12
12
20
12
12
12
12
12
14
12
12
12
12
12
12
12
12
12
12
12
12
12
12
12
12
12
12
***********************
Iteracao 38
***********************
14
20
12
12
12
12
12
12
12
12
12
12
12
12
12
12
12
12
12
12
12
12
12
12
12
12
12
12
12
12
***********************
Iteracao 39
***********************
12
12
12
12
12
12
12
12
12
12
12
12
12
12
12
12
12
12
12
12
12
12
12
12
12
12
12
12
12
12
***********************
Iteracao 40
***********************
12
12
12
12
12
12
435
12
12
12
12
12
12
12
12
12
12
12
12
12
12
12
12
12
12
12
12
12
12
12
***********************
Iteracao 41
***********************
12
12
12
12
12
246
12
12
12
12
12
12
12
12
12
12
12
12
12
203
12
12
12
12
12
12
14
12
12
12
***********************
Iteracao 42
***********************
12
12
12
14
12
12
12
12
12
12
12
12
12
12
12
12
12
12
12
12
12
12
12
12
476
12
12
12
12
12
***********************
Iteracao 43
***********************
12
12
12
12
12
12
12
12
12
12
12
12
12
12
12
12
12
12
12
12
12
12
20
381
12
20
12
12
12
12
***********************
Iteracao 44
***********************
12
12
12
12
12
12
12
12
12
12
12
12
14
17
12
12
12
12
12
12
12
12
12
20
12
12
12
12
12
12
***********************
Iteracao 45
***********************
12
12
12
12
12
12
12
12
12
12
9
12
12
12
12
12
12
12
12
12
12
12
12
12
12
12
12
12
12
17
***********************
Iteracao 46
***********************
12
12
12
12
12
12
12
12
12
12
12
12
12
12
12
42
12
58
12
20
12
12
12
12
14
12
12
12
14
12
***********************
Iteracao 47
***********************
12
14
12
12
12
12
12
12
12
12
12
12
12
12
12
12
12
12
14
12
12
12
12
12
12
12
12
14
12
12
***********************
Iteracao 48
***********************
12
12
12
12
12
12
12
12
14
12
12
12
12
12
12
14
12
12
12
12
12
12
12
12
12
12
12
12
12
12
***********************
Iteracao 49
***********************
12
12
12
12
12
12
12
12
12
12
12
12
12
12
12
12
12
12
12
12
12
12
12
12
12
12
12
14
878
631
***********************
Iteracao 50
***********************
14
12
220
12
12
12
12
12
12
12
12
12
12
12
12
12
12
12
12
373
12
12
12
12
12
12
12
12
12
12
***********************
Iteracao 51
***********************
12
12
12
12
12
12
12
12
12
12
12
12
12
12
12
12
12
12
12
9
12
12
12
12
12
12
12
12
12
12
***********************
Iteracao 52
***********************
12
12
12
12
12
12
12
12
12
12
12
14
12
12
12
12
12
12
12
14
12
14
12
12
12
12
12
12
12
12
***********************
Iteracao 53
***********************
12
12
12
12
12
12
12
12
12
12
12
12
12
12
12
12
12
20
12
14
12
12
12
12
12
12
12
12
12
12
***********************
Iteracao 54
***********************
12
12
12
12
12
12
12
12
12
12
12
12
14
12
12
12
12
12
12
12
12
12
12
12
20
12
12
12
12
12
***********************
Iteracao 55
***********************
12
12
12
12
12
12
12
12
12
12
12
12
12
12
12
12
12
12
12
12
12
12
12
12
12
12
12
12
12
12
***********************
Iteracao 56
***********************
12
12
12
12
12
12
12
12
12
12
12
12
12
12
12
12
12
12
12
12
12
12
12
12
12
12
12
12
12
12
***********************
Iteracao 57
***********************
592
12
14
12
14
12
12
12
12
12
12
12
14
12
12
12
12
12
12
18
12
12
12
12
12
12
12
12
12
12
***********************
Iteracao 58
***********************
12
12
12
12
12
12
12
12
12
12
12
12
12
12
12
12
12
12
12
12
12
12
12
12
12
12
12
12
12
12
***********************
Iteracao 59
***********************
12
12
12
12
12
12
14
12
12
12
12
12
12
12
12
12
14
12
12
12
12
12
12
12
12
12
12
12
404
12
