alocou matriz de adjacencia
alocou matriz de feromonio
leu matriz de adjacencia
alocou matrizFormigas
Vertice objetivo == 125
***********************
Iteracao 0
***********************
1466
2742
3667
883
2895
1319
3909
2529
3375
231
1050
1212
1071
939
3625
983
893
1226
3058
1795
241
3262
2185
4777
4847
1568
256
3006
1289
3225
***********************
Iteracao 1
***********************
535
260
96
2137
2090
230
1301
3258
199
1586
3337
2653
1537
118
1785
2326
639
3708
624
1633
503
2687
1071
4178
3256
588
371
4440
3461
2151
***********************
Iteracao 2
***********************
1952
2930
2260
2110
1108
2561
2097
1488
2718
3532
1773
744
2883
2263
1860
2463
188
1049
293
3024
3351
3141
2305
3467
2034
2388
1599
3405
3656
26
***********************
Iteracao 3
***********************
1244
325
1046
1606
3720
2027
2106
29
1567
3222
593
3562
3841
592
3221
1878
2805
1088
4456
1176
2191
1604
2031
1514
1244
59
2049
845
1597
374
***********************
Iteracao 4
***********************
2208
693
1423
728
1216
1910
594
646
1518
1961
478
2011
4976
29
841
3072
198
2218
1039
320
10
363
1416
2641
110
760
1921
592
1084
3190
***********************
Iteracao 5
***********************
1990
2885
349
3617
2806
1701
465
247
1865
10
321
368
2386
858
35
542
211
3043
1167
1358
745
1042
2103
521
997
2314
1420
3272
2851
515
***********************
Iteracao 6
***********************
98
619
136
385
356
1652
1367
45
231
744
762
28
511
66
1317
494
10
1673
1507
2087
10
167
910
208
3551
10
746
2879
119
618
***********************
Iteracao 7
***********************
2806
38
1109
247
627
151
1434
602
10
10
130
748
189
222
1167
676
686
209
961
61
366
857
2559
10
2598
10
241
1310
2442
10
***********************
Iteracao 8
***********************
10
10
529
551
10
572
1661
193
10
16
10
10
2454
98
412
10
1781
10
986
165
779
92
1231
838
1190
3107
10
938
1983
377
***********************
Iteracao 9
***********************
10
202
884
16
10
10
904
261
10
461
756
10
942
10
625
10
10
10
2945
29
10
10
10
10
175
433
10
89
504
10
***********************
Iteracao 10
***********************
589
10
225
10
706
10
16
10
10
458
10
983
727
10
228
1126
10
10
10
10
1109
15
10
938
10
10
10
10
10
189
***********************
Iteracao 11
***********************
29
10
570
303
251
10
10
322
10
523
10
351
537
10
10
640
10
2071
10
10
10
10
10
10
1029
10
10
10
450
414
***********************
Iteracao 12
***********************
10
10
10
10
316
10
10
10
10
10
10
10
10
10
10
452
10
10
16
10
10
10
10
10
10
10
10
10
10
10
***********************
Iteracao 13
***********************
10
527
10
10
10
10
10
525
10
1298
53
10
10
10
1689
10
10
10
10
350
10
10
10
172
16
10
280
25
503
114
***********************
Iteracao 14
***********************
10
10
10
10
457
1941
678
10
10
10
10
10
10
16
10
10
10
10
10
10
10
49
10
10
10
10
10
16
10
10
***********************
Iteracao 15
***********************
10
10
10
10
10
149
10
10
67
16
10
10
10
10
10
10
10
10
146
10
10
16
10
10
10
10
10
16
10
10
***********************
Iteracao 16
***********************
10
10
10
10
10
10
680
10
237
10
16
10
10
10
54
10
10
10
16
16
10
16
10
10
10
10
10
139
10
10
***********************
Iteracao 17
***********************
10
10
1091
10
10
10
10
10
16
10
10
10
16
10
10
995
10
10
10
10
10
10
16
834
10
10
10
10
10
104
***********************
Iteracao 18
***********************
10
10
10
10
10
10
10
10
258
10
10
10
10
10
10
10
10
10
10
16
10
10
226
16
16
10
10
10
10
10
***********************
Iteracao 19
***********************
10
16
10
10
16
29
10
10
10
10
10
442
385
10
25
10
10
10
10
10
10
10
10
10
10
10
16
10
10
725
***********************
Iteracao 20
***********************
10
10
10
10
10
10
256
10
10
10
342
10
10
10
10
609
10
10
10
10
10
10
10
10
269
16
10
10
10
10
***********************
Iteracao 21
***********************
10
10
10
10
10
10
10
584
16
10
16
10
10
305
10
10
22
10
10
10
10
10
10
10
10
10
10
262
10
10
***********************
Iteracao 22
***********************
10
10
10
16
10
10
10
16
10
10
81
10
10
10
10
10
10
10
10
10
10
10
16
10
10
10
15
322
10
39
***********************
Iteracao 23
***********************
16
10
133
356
1424
10
10
10
138
10
10
10
10
16
10
10
10
10
10
10
10
10
10
578
10
10
10
10
10
10
***********************
Iteracao 24
***********************
10
10
10
10
10
10
10
10
10
10
10
346
10
10
10
10
10
16
10
10
10
10
16
281
10
10
10
10
10
653
***********************
Iteracao 25
***********************
10
10
10
10
10
10
289
10
10
10
10
10
10
10
10
10
10
10
10
16
10
10
10
10
10
10
10
16
10
10
***********************
Iteracao 26
***********************
10
10
10
10
10
10
16
16
10
10
16
10
193
10
10
10
10
10
10
10
10
10
10
10
10
10
10
10
10
10
***********************
Iteracao 27
***********************
10
10
10
10
10
336
10
10
10
10
10
10
10
10
10
10
10
10
10
10
10
10
10
10
10
10
10
10
10
10
***********************
Iteracao 28
***********************
17
10
10
10
10
442
10
10
10
10
16
10
10
475
10
16
10
10
10
10
10
10
10
10
10
673
10
10
10
298
***********************
Iteracao 29
***********************
10
10
10
10
534
10
10
10
10
10
10
890
10
244
10
29
10
10
10
10
10
10
16
10
10
10
10
10
10
10
***********************
Iteracao 30
***********************
538
10
10
333
16
10
10
10
10
10
1207
10
10
10
10
10
16
10
16
269
10
10
10
16
10
10
10
10
10
10
***********************
Iteracao 31
***********************
10
10
10
10
10
10
10
10
10
10
16
10
10
10
10
10
10
16
10
10
10
16
10
10
10
10
10
16
10
10
***********************
Iteracao 32
***********************
10
10
10
542
10
10
10
10
10
16
10
10
16
20
10
10
10
10
10
10
10
10
10
10
10
10
10
10
10
10
***********************
Iteracao 33
***********************
10
10
10
10
10
10
10
10
16
10
10
10
10
10
10
10
10
10
15
10
10
10
16
10
10
10
10
10
10
10
***********************
Iteracao 34
***********************
10
16
10
10
10
10
10
190
10
10
10
10
10
10
10
10
10
10
10
165
16
10
10
10
10
16
10
10
10
10
***********************
Iteracao 35
***********************
16
10
10
10
10
10
10
10
10
10
10
394
10
10
10
10
10
10
10
10
10
10
10
482
1098
10
2284
16
10
10
***********************
Iteracao 36
***********************
10
16
16
10
10
10
10
10
10
10
16
10
10
10
10
16
10
10
10
10
10
10
16
10
452
10
16
10
10
10
***********************
Iteracao 37
***********************
10
10
10
10
10
10
10
263
10
10
10
10
16
242
10
16
10
10
10
10
10
10
10
10
10
10
10
17
10
10
***********************
Iteracao 38
***********************
10
10
10
15
10
1446
10
10
10
10
10
10
97
10
10
10
10
10
10
16
16
10
10
10
10
10
16
10
10
10
***********************
Iteracao 39
***********************
10
10
45
10
15
10
10
10
10
10
65
10
10
10
16
16
10
10
10
10
10
10
10
16
10
10
10
10
10
10
***********************
Iteracao 40
***********************
10
1043
10
10
10
10
10
10
10
10
10
10
10
10
10
10
10
10
10
10
10
16
10
10
10
10
10
10
10
16
***********************
Iteracao 41
***********************
10
20
10
10
10
10
10
10
17
10
906
10
10
10
10
694
83
578
10
10
20
16
16
10
10
10
10
10
10
16
***********************
Iteracao 42
***********************
10
148
10
10
10
16
1494
10
16
10
10
10
10
10
10
10
10
10
10
10
16
10
16
10
10
10
10
10
16
10
***********************
Iteracao 43
***********************
10
10
10
10
15
10
10
10
10
10
10
15
10
10
10
10
10
10
10
10
10
20
228
10
10
10
10
10
16
10
***********************
Iteracao 44
***********************
10
10
10
16
154
10
10
10
10
10
10
20
10
10
152
10
10
10
10
10
10
16
16
10
10
10
16
16
10
10
***********************
Iteracao 45
***********************
10
10
10
10
15
10
10
424
10
10
10
16
10
16
10
10
437
16
10
16
10
10
10
10
10
10
10
10
10
10
***********************
Iteracao 46
***********************
16
10
10
10
10
29
16
10
10
16
10
10
10
10
10
10
10
10
10
16
10
10
16
20
10
10
10
74
10
10
***********************
Iteracao 47
***********************
10
10
196
10
10
10
15
10
10
10
10
10
16
10
15
10
10
15
10
10
10
10
10
10
10
10
15
10
10
10
***********************
Iteracao 48
***********************
10
10
10
16
15
10
10
10
10
10
16
10
16
10
16
10
10
10
10
10
10
10
10
10
10
10
10
10
15
10
***********************
Iteracao 49
***********************
10
16
10
10
514
10
16
10
10
10
10
10
10
10
15
10
10
10
10
16
601
10
10
16
10
10
10
10
10
15
***********************
Iteracao 50
***********************
10
10
143
10
10
10
16
16
10
10
10
10
10
10
16
10
10
15
10
10
10
10
10
10
10
10
10
20
10
10
***********************
Iteracao 51
***********************
10
10
10
16
10
10
10
10
10
16
10
10
16
10
15
10
10
10
538
10
10
10
10
10
10
10
10
10
16
10
***********************
Iteracao 52
***********************
10
10
10
16
10
16
10
15
10
16
10
10
16
10
16
10
10
16
10
10
10
10
10
10
10
16
16
10
16
10
***********************
Iteracao 53
***********************
10
445
10
10
10
16
16
16
10
10
10
10
15
10
15
10
10
10
16
10
16
10
10
16
10
10
16
10
16
10
***********************
Iteracao 54
***********************
10
861
10
10
10
15
10
10
10
16
10
10
10
10
16
55
10
10
10
10
10
10
10
10
10
10
10
10
10
10
***********************
Iteracao 55
***********************
10
10
10
16
15
10
15
10
16
16
16
10
10
10
10
10
10
10
10
10
10
16
10
10
10
16
10
10
10
10
***********************
Iteracao 56
***********************
10
10
10
35
10
10
10
10
10
10
10
10
10
15
10
10
10
10
16
10
10
16
10
10
10
10
10
10
10
10
***********************
Iteracao 57
***********************
10
20
10
10
16
16
17
10
10
32
15
10
16
16
10
10
10
10
10
10
10
10
10
10
16
10
10
10
15
15
***********************
Iteracao 58
***********************
187
10
10
10
16
10
16
15
10
10
16
10
10
16
16
10
16
15
16
16
10
10
10
10
10
10
16
10
10
10
***********************
Iteracao 59
***********************
10
10
10
10
16
10
15
10
15
10
10
10
10
10
16
10
16
10
10
15
234
10
10
10
10
10
10
462
10
10
