alocou matriz de adjacencia
alocou matriz de feromonio
leu matriz de adjacencia
alocou matrizFormigas
***********************
Iteracao 0
***********************
78209
50864
123779
29860
113334
86480
18347
66580
56483
17895
10732
90465
104867
27925
30686
84574
4009
68732
61876
80088
39222
151690
139592
23219
23380
39945
84362
121990
40880
79653
***********************
Iteracao 1
***********************
25674
7914
121834
50658
131582
93241
68622
107358
103645
14900
88032
8773
109403
110023
70949
63780
67840
78531
144695
27084
111317
37927
87278
146588
42917
48879
77991
39933
17088
11200
***********************
Iteracao 2
***********************
3710
57209
45819
17284
97686
117920
34684
23032
24170
40168
50819
70294
77025
94412
4871
50769
131806
66918
81841
14905
94667
94177
120404
44220
115172
98023
25926
112688
50668
53947
***********************
Iteracao 3
***********************
41062
9747
5635
139493
87815
65178
18780
97954
66589
118316
85557
108192
72815
30008
54019
12343
25903
78024
9922
24035
115200
57492
101189
74222
13999
111633
14121
82064
27282
58584
***********************
Iteracao 4
***********************
95284
20163
77584
93203
16244
142816
66382
7728
68130
526
3528
36498
74226
3832
91797
66833
64014
99558
30393
49386
7707
46152
1653
105013
85583
110558
122881
92078
96296
4510
***********************
Iteracao 5
***********************
80334
44953
98674
79251
20796
56186
16327
86305
9932
28712
10022
3758
96949
67340
96288
8458
1595
128440
45922
67033
36306
28539
39001
26536
799
111004
23043
39831
17241
103154
***********************
Iteracao 6
***********************
19580
32538
139843
76718
85831
114395
32386
119025
53125
61465
58100
119158
9968
51083
81554
45153
38040
40589
423
83383
15403
36432
78346
99316
66984
98410
64323
90823
118027
91380
***********************
Iteracao 7
***********************
18994
89556
64253
85260
28974
22422
66395
135733
101714
57833
93055
38287
138067
46200
93990
18134
131189
8912
2467
58717
62697
140898
91096
43929
6996
79509
115133
25922
63022
58912
***********************
Iteracao 8
***********************
45629
65103
81314
22480
105371
22478
42654
72547
76955
38327
1716
119026
13404
23497
87354
9059
101264
127457
35466
51057
40350
4382
118444
45069
97062
107134
29363
70281
78906
32221
***********************
Iteracao 9
***********************
49853
24962
70479
73105
129476
31811
127560
83474
40479
124331
65872
116221
72075
33670
14642
71255
52620
97651
88379
71048
86998
138143
69558
13250
130191
1181
66746
137014
11544
60031
***********************
Iteracao 10
***********************
86290
117674
83883
56059
142628
14096
48067
109072
39261
54634
66271
65144
106960
32020
95097
34030
82995
35889
84790
17296
49012
104132
50496
35673
136136
116271
7549
3515
9740
66408
***********************
Iteracao 11
***********************
52215
43742
2756
93820
113957
59480
101600
13454
81388
56490
2502
28619
46797
4473
764
111937
69284
49805
71378
60760
19328
27
57878
125391
72181
77738
92297
35833
88607
7321
***********************
Iteracao 12
***********************
122975
9462
8321
38247
75520
67404
13913
29895
62489
72162
21033
4433
21399
112755
37721
88022
44431
36288
111722
108940
84457
1461
48996
92115
8988
69667
41624
35129
89394
22468
***********************
Iteracao 13
***********************
57175
48821
68706
131282
26144
109691
37525
118639
51419
24995
23292
33672
26335
8613
24384
17154
17379
106578
135199
117118
31794
24419
41792
73920
109785
34874
73156
131812
130257
21651
***********************
Iteracao 14
***********************
10127
8643
87297
41532
20152
81128
42591
78840
10641
40804
33182
92525
64309
44927
49806
91089
1967
80956
30302
14618
15794
71942
68339
101395
89199
32230
26985
116030
18896
49287
***********************
Iteracao 15
***********************
53809
34237
17155
93264
39207
58897
74940
65556
26228
60012
19779
97017
30279
73808
15924
25298
90541
106785
44406
27
118669
83398
28715
69219
51031
123497
119576
99523
10609
78364
***********************
Iteracao 16
***********************
38008
66484
64820
131573
124475
14648
55363
71384
16812
5823
61460
86754
95864
40289
97584
115045
44061
131661
70527
27
75087
16947
56915
22105
31148
67300
34773
41976
85379
37741
***********************
Iteracao 17
***********************
73987
42446
34089
53419
137089
139657
44657
36342
119681
37502
132207
16773
27
86946
86001
56226
105569
27
24814
139896
107941
5364
37970
25871
2687
44468
40496
27
1780
61257
***********************
Iteracao 18
***********************
31632
52888
91367
35972
27
33679
27
32165
100863
19921
111529
111461
42817
12406
50473
67423
130498
101287
4736
63082
6353
66885
68339
11079
132881
101909
27
6365
76337
48553
***********************
Iteracao 19
***********************
98699
27
89209
67039
58193
63155
50997
94688
27
26402
79420
7691
124943
34878
47893
82616
32270
49014
27
114
27
20077
33818
97165
28310
27
107997
95096
10354
49734
***********************
Iteracao 20
***********************
60320
22735
27
18567
27
55152
27
21235
37319
16580
93929
27
103799
27
1428
77572
42787
27528
83605
27
47485
72505
27
54856
73016
27
80084
27
99242
98504
***********************
Iteracao 21
***********************
27
27
27
27
56459
59584
28853
1575
8759
13175
50626
27
102475
116817
27
27
33442
74703
27
17882
27
87492
50236
5472
100291
41388
27
22468
96392
8355
***********************
Iteracao 22
***********************
27
49327
27
49435
27
77313
15374
126043
27
27
15719
69427
42255
119519
27
27
36525
27
88200
42335
27
27
27
61613
47126
44181
2115
66398
117692
27
***********************
Iteracao 23
***********************
62041
27
27
54794
27
64855
27
27
27
27
25768
89198
12977
73301
27
20639
27
50849
31059
27
34261
27
77586
27
27
27
27
118795
27
26343
***********************
Iteracao 24
***********************
70570
27
27
101082
4358
16210
76923
27
45356
27
27
27
27
5019
27
27
60092
27
27
27
127353
27
27
129821
27
1952
91148
27
27
98449
***********************
Iteracao 25
***********************
27
27
27
27
27
27
27
27
27
27
27
150968
26005
27
63317
27
82365
27
27
27
26370
14406
27
27
27
27
27
27
27
27
***********************
Iteracao 26
***********************
47221
27
35851
27
27
27
27
27
27
27
64112
27
27
27
27
27
7710
27
27
27
38552
27
27309
27
27
14163
27
27
52832
27
***********************
Iteracao 27
***********************
27
27
27
27
27
27
27
27
27
27
27
27
67460
64019
27
27
55708
27
27
27
43497
27
27
27
27
27
27
27
27
27
***********************
Iteracao 28
***********************
27
31814
27
27
27
27
27
27
27
27
27
27
27
27
37991
27
15315
27
27
27
27
27
66730
27
36868
27
27
27
27
27
***********************
Iteracao 29
***********************
27
27
27
27
27
27
27
27
27
27
12248
27
37678
27
27
27
27
27
27
27
27
27
27
27
27
27
27
27
27
27
***********************
Iteracao 30
***********************
27
27
27
27
89316
27
27
27
1180
27
27
27
27
27
27
22517
27
27
27
27
27
27
27
27
27
27
27
27
27
27
***********************
Iteracao 31
***********************
98388
27
27
27
27
27
27
27
27
27
27
27
27
27
27
27
27
27
61844
27
27
27
27
27
27
27
27
27
17377
27
***********************
Iteracao 32
***********************
27
27
27
27
27
27
27
27
27
27
17522
27
27
27
27
27
27
27
27
27
27
27
27
27
27
27
44810
27
57830
27
***********************
Iteracao 33
***********************
27
27
27
41602
27
27
27
27
27
27
27
2396
27
27
27
27
27
27
27
59982
27
73886
27
27
27
27
27
27
27
27
***********************
Iteracao 34
***********************
27
27
27
27
27
40555
691
27
70849
27
27
27
27
27
27
27
27
27
27
27
27
27
87923
27
27
27
27
27
27
27
***********************
Iteracao 35
***********************
27
27
27
27
27
27
27
20643
27
27
27
27
27
68327
27
27
27
27
27
27
19296
27
27
27
27
27
110004
27
27
27
***********************
Iteracao 36
***********************
27
27
27
27
27
27
27
27
27
27
27
27
27
27
27
115962
27
27
27
27
27
27
27
27
27
27
27
27
27
27
***********************
Iteracao 37
***********************
27
27
27
27
27
27
27
29618
98862
27
27
27
27
27
27
27
27
27
27
27
27
27
27
27
12075
27
39582
27
27
27
***********************
Iteracao 38
***********************
27
27
27
27
27
27
27
27
27
27
27
27
27
27
27
27
27
27
27
27
27
27
27
27
27
27
27
27
27
27
***********************
Iteracao 39
***********************
27
27
27
27
27
27
27
78306
27
27
27
27
27
27
27
27
27
27
27
27
27
27
27
27
27
27
27
27
27
27
***********************
Iteracao 40
***********************
27
27
27
27
27
27
27
27
27
27
27
27
27
27
27
27
35908
27
27
27
27
27
27
27
27
27
27
27
27
27
***********************
Iteracao 41
***********************
27
27
27
27
27
27
27
27
27
27
27
27
27
27
27
27
27
27
27
27
27
27
27
27
42067
27
27
27
27
27
***********************
Iteracao 42
***********************
27
27
27
27
27
27
27
27
27
27
27
27
27
27
27
27
27
27
27
60726
27
27
27
27
27
27
27
27
97907
27
***********************
Iteracao 43
***********************
27
27
27
27
27
27
27
27
27
27
27
27
27
27
27
27
27
27
27
27
27
27
27
79499
27
27
27
27
27
27
***********************
Iteracao 44
***********************
27
27
27
27
27
27
27
27
23702
27
27
27
27
27
27
27
27
27
27
27
27
55698
27
27
27
27
27
27
27
27
***********************
Iteracao 45
***********************
27
57748
27
27
27
27
27
27
27
27
27
27
27
27
27
27
27
27
27
27
27
27
27
27
27
27
27
27
27
27
***********************
Iteracao 46
***********************
27
27
27
27
27
27
27
27
27
27
27
27
27
27
27
27
27
27
97102
27
27
27
27
27
27
27
27
27
86062
27
***********************
Iteracao 47
***********************
27
27
114517
27
27
27
27
27
27
27
27
27
27
27
27
27
27
27
27
27
27
27
27
27
27
27
27
27
27
27
***********************
Iteracao 48
***********************
27
27
27
27
27
27
27
27
27
27
27
27
4743
27
27
27
27
27
27
27
27
27
27
27
27
27
27
27
27
27
***********************
Iteracao 49
***********************
27
52106
27
27
27
27
27
27
27
27
27
27
27
27
27
27
27
27
27
27
27
27
27
27
27
27
27
27
27
27
***********************
Iteracao 50
***********************
27
27
27
27
120532
27
27
27
27
27
27
27
27
27
27
27
27
27
27
27
27
27
27
27
27
27
27
27
27
27
***********************
Iteracao 51
***********************
27
27
27
27
27
27
27
27
27
27
27
27
27
27
27
27
27
27
27
27
27
27
27
27
27
27
27
27
27
27
***********************
Iteracao 52
***********************
27
27
27
27
27
27
27
27
27
27
27
27
27
27
27
27
27
27
27
27
27
27
27
27
27
27
27
27
27
27
***********************
Iteracao 53
***********************
27
27
27
27
27
27
27
27
27
27
27
27
27
27
27
27
27
27
27
27
27
27
27
27
27
27
27
27
27
27
***********************
Iteracao 54
***********************
27
27
27
27
27
27
27
27
27
27
27
27
27
27
27
631
27
27
27
27
27
27
27
27
27
27
27
27
27
27
***********************
Iteracao 55
***********************
27
27
27
27
27
27
27
27
27
27
14617
27
27
27
27
27
27
27
27
27
27
27
27
27
100964
27
27
27
27
27
***********************
Iteracao 56
***********************
27
27
27
27
27
27
27
27
27
27
27
27
27
27
27
27
27
27
27
27
27
27
27
27
27
27
27
27
27
27
***********************
Iteracao 57
***********************
15404
27
27
136336
27
27
27
27
77091
27
27
27
27
27
27
27
27
27
27
27
27
27
27
27
27
27
27
27
27
27
***********************
Iteracao 58
***********************
27
27
27
27
27
27
27
27
27
27
27
27
27
27
27
27
27
27
27
27
27
27
27
27
27
27
27
27
27
27
***********************
Iteracao 59
***********************
27
27
27
16639
27
27
27
27
27
27
27
27
27
27
27
27
27
31434
27
27
27
27
27
27
27
27
27
27
27
27
