alocou matriz de adjacencia
alocou matriz de feromonio
leu matriz de adjacencia
alocou matrizFormigas
Vertice objetivo == 200
***********************
Iteracao 0
***********************
9974
4215
3956
6880
759
658
9222
7770
11508
4791
7744
4539
3911
1725
1036
124
8940
7960
2226
1645
4783
11402
636
9876
7181
9669
8394
5353
5740
4860
***********************
Iteracao 1
***********************
11784
4352
11453
10488
8813
11714
2613
5776
5858
9987
3904
3553
2237
607
3597
1715
10940
1243
5354
3592
2537
466
4274
2223
865
704
8092
6332
2986
451
***********************
Iteracao 2
***********************
1172
7210
10112
5074
5459
6516
5707
9463
8777
1976
3621
8466
5079
7584
1266
8936
4854
954
6605
8825
1341
10876
5137
1220
3486
5787
1879
459
2829
4081
***********************
Iteracao 3
***********************
908
3672
4527
9237
3260
8052
3851
9501
5679
6330
2158
5799
11197
8621
6079
2313
10322
2215
5577
7363
3547
12252
6409
893
7328
3187
5513
4648
10198
8730
***********************
Iteracao 4
***********************
4862
2300
10647
8873
7783
7095
3541
9485
7447
10205
10750
3674
4829
3692
5710
9774
4224
6898
4911
10653
1509
4777
430
5084
11179
3018
340
10841
11491
920
***********************
Iteracao 5
***********************
448
229
756
1445
1698
5244
7054
3252
2542
6417
4354
4019
1996
7325
198
5892
4499
9905
1363
2125
2607
1348
6828
6085
6911
13028
9158
7492
7526
3609
***********************
Iteracao 6
***********************
8074
6949
4572
9656
9788
1716
6840
9758
4386
5501
5063
1806
5945
1552
2781
3570
505
2925
1946
1123
4580
4789
7249
3099
2154
2322
7173
2106
8595
902
***********************
Iteracao 7
***********************
6918
7459
8001
1085
1345
2271
4678
5093
2804
1068
8827
5379
3944
2902
6326
7266
6502
9333
8160
5803
2732
543
5519
6540
7063
4205
8808
9080
2452
5672
***********************
Iteracao 8
***********************
4221
7035
5352
5536
3064
3328
2770
546
3401
6860
2227
3871
4561
4330
8623
2872
3509
1017
8945
3994
2873
6321
4879
10039
2245
4079
2196
5313
5500
1376
***********************
Iteracao 9
***********************
4223
9654
7284
6878
366
82
2488
503
5602
2344
8626
11504
6026
2241
6538
6524
330
6115
3490
1329
4216
9400
3977
5826
6112
6169
5857
9001
3199
6226
***********************
Iteracao 10
***********************
3823
5635
5445
9166
835
8469
6130
1046
5792
1860
5472
9999
1202
5077
5584
624
6136
508
10984
289
336
1664
2758
9771
9152
181
323
408
4439
8842
***********************
Iteracao 11
***********************
1925
2651
1682
6317
617
6592
4938
619
5882
323
7467
3516
8064
3669
7512
7847
1395
3386
4443
5714
6310
1063
1122
6582
3488
7538
7147
3932
5457
1385
***********************
Iteracao 12
***********************
160
5570
4948
1362
6569
4703
3694
4205
2171
2706
3374
5477
431
2688
5830
2877
7391
5565
685
504
5813
7416
484
9470
1618
8466
2415
1329
566
4278
***********************
Iteracao 13
***********************
4816
5841
7156
3438
3001
1220
8108
6217
506
9707
4277
4252
8160
2993
1966
1484
3803
406
804
1331
56
4725
2062
4701
107
1157
2522
6839
845
5338
***********************
Iteracao 14
***********************
7681
2363
1278
7337
7023
2310
4886
6135
8966
2578
2130
1769
1250
1597
5468
1489
5903
5741
3657
9243
4390
4407
4802
384
1562
4994
1254
5542
1930
10322
***********************
Iteracao 15
***********************
1536
5237
3654
2904
4329
1745
5813
1050
41
1837
433
1994
2498
992
3612
2653
5288
7214
8109
1587
6743
2871
5244
732
1763
7930
4347
959
12956
9403
***********************
Iteracao 16
***********************
2924
1469
3559
159
2650
6073
608
9594
2799
5304
2940
8455
2473
5935
141
4529
5012
5825
389
5848
467
1770
2447
1663
6392
9123
3839
3857
7431
394
***********************
Iteracao 17
***********************
1046
7344
4810
6260
90
1812
2822
2156
931
1800
704
1543
5869
3823
4105
1638
7171
6390
1977
4233
3659
2265
839
847
2944
1186
3981
258
3516
795
***********************
Iteracao 18
***********************
3593
6224
4585
384
577
624
1677
2119
2176
7265
1131
3612
542
252
5100
1495
3366
6673
884
2018
463
1071
3498
624
2548
5145
2022
6706
2622
5903
***********************
Iteracao 19
***********************
8724
3416
2980
2070
5712
1650
6513
6332
2759
7040
6907
4534
9800
3284
1194
2201
6843
2975
4741
8934
4335
1365
2969
655
1511
252
308
2465
2540
1463
***********************
Iteracao 20
***********************
3349
1930
2923
2397
2329
2428
6543
1898
3465
1576
5830
8993
1450
2287
2718
3460
7720
7046
2307
1853
3159
2898
1218
3978
2833
7075
3590
335
1332
4820
***********************
Iteracao 21
***********************
2153
1782
1577
4448
647
5233
6760
998
3877
1012
981
4710
1348
7020
3272
2427
5410
5043
5128
2799
3578
821
761
4383
532
8670
1082
3332
3573
3992
***********************
Iteracao 22
***********************
1838
6515
8348
4040
2422
1997
494
9015
6610
1624
2809
5336
4094
7496
6853
267
8104
6791
2420
2777
5626
6751
221
4137
2729
822
4972
3323
1941
4884
***********************
Iteracao 23
***********************
435
2116
7457
4346
2848
5797
753
643
3835
3321
193
511
331
671
945
3702
1094
1556
101
4497
3465
7720
6442
2958
1362
784
7737
638
1630
159
***********************
Iteracao 24
***********************
142
2531
3931
4673
176
1618
3354
1930
3299
2013
2678
3590
3921
1884
3735
4701
8480
81
3650
465
4067
1882
1270
2031
3435
3266
130
3066
504
4299
***********************
Iteracao 25
***********************
1483
4810
1085
920
3031
2763
3645
2372
7390
938
3272
1136
3840
631
473
120
4556
62
6444
2026
2429
5558
6868
1491
1886
115
841
5821
4137
2003
***********************
Iteracao 26
***********************
1618
902
3495
5266
1052
2486
2010
3211
17
1345
5278
601
7678
2276
3191
3471
4491
3366
6661
896
630
695
6189
799
1771
845
5886
486
681
1041
***********************
Iteracao 27
***********************
1334
2540
1377
351
42
195
1065
3836
494
1158
4411
230
8558
808
1169
28
650
242
7109
259
828
336
6098
3491
5810
2690
187
2552
2557
1462
***********************
Iteracao 28
***********************
227
7212
617
228
8546
847
4387
73
1196
370
849
3180
3203
4591
2043
4553
4909
1428
969
3023
184
3007
3709
2866
3495
90
4162
336
6390
681
***********************
Iteracao 29
***********************
1770
795
5616
1127
705
153
1440
1447
112
5946
414
2187
212
1296
1888
1857
2713
602
365
991
5104
5437
2229
1925
740
123
2137
1871
7355
967
***********************
Iteracao 30
***********************
2986
269
922
2820
2176
99
5696
2945
42
1769
2608
1808
1597
2467
599
467
1184
811
6128
6151
1630
2182
1905
1375
2924
473
2256
1447
1479
639
***********************
Iteracao 31
***********************
196
3477
1753
645
1502
176
3063
400
723
7263
1202
432
3128
380
1922
1024
892
90
3487
1586
489
606
1318
977
2673
697
366
1986
1540
293
***********************
Iteracao 32
***********************
72
847
5467
273
2936
1848
374
359
813
579
341
1103
813
689
5206
173
2804
136
2486
796
5667
1262
900
2436
405
89
1256
4178
971
5894
***********************
Iteracao 33
***********************
394
1362
985
7764
662
30
269
1751
984
1481
994
1482
1092
2245
864
129
185
1684
1698
3638
2614
1278
954
594
6427
831
360
2928
321
296
***********************
Iteracao 34
***********************
936
1084
31
5947
2610
4144
1645
423
60
1334
325
925
598
538
3886
1428
763
3251
827
4414
581
148
189
1881
1293
564
1201
3444
8409
283
***********************
Iteracao 35
***********************
3334
6260
717
655
1074
6038
571
862
5601
1673
692
1078
387
28
1154
253
2594
1086
1284
942
47
2689
1284
1759
591
2011
103
632
375
508
***********************
Iteracao 36
***********************
2459
608
80
429
17
589
275
46
1669
28
2548
1008
534
1194
283
662
701
268
991
429
52
277
1707
1226
431
1144
2099
2728
955
49
***********************
Iteracao 37
***********************
2282
915
945
1521
150
24
1814
1160
39
29
1031
624
1002
360
2968
633
28
960
1354
1513
2767
234
716
193
1374
30
17
2807
300
1445
***********************
Iteracao 38
***********************
2080
1096
1399
144
134
886
349
41
582
1503
17
24
1101
634
230
831
327
710
129
271
1066
1950
475
450
1192
1344
636
1876
811
292
***********************
Iteracao 39
***********************
357
962
1056
731
443
624
2231
542
658
1051
886
39
46
292
711
1512
344
375
2229
708
3029
31
922
194
865
451
677
2020
1354
128
***********************
Iteracao 40
***********************
2523
25
17
632
584
1519
17
550
688
4432
733
1010
177
412
207
831
713
2928
2329
1063
1476
2268
190
1286
2124
24
2164
211
609
232
***********************
Iteracao 41
***********************
1274
1027
82
2734
1240
17
373
210
1269
1036
935
3741
2195
99
475
17
904
1104
291
157
3065
412
1090
6940
644
901
1392
337
548
578
***********************
Iteracao 42
***********************
360
1607
534
544
438
649
577
965
25
1924
1982
17
2498
1851
378
15
1619
1076
192
756
1415
17
1559
141
294
1162
688
1171
27
17
***********************
Iteracao 43
***********************
269
29
84
2438
398
1579
1381
1787
526
17
2567
294
892
135
261
203
426
3665
565
243
756
18
2061
191
55
1911
217
1382
791
1215
***********************
Iteracao 44
***********************
1081
183
238
864
1061
30
202
1359
47
523
100
729
1965
1188
901
750
17
917
256
1026
31
41
24
1272
184
24
468
347
25
17
***********************
Iteracao 45
***********************
2826
841
2688
17
209
17
62
745
30
121
25
306
17
17
1605
1175
1084
2262
453
451
87
602
1781
1006
90
140
877
575
1052
350
***********************
Iteracao 46
***********************
652
1444
38
17
47
17
17
25
708
96
582
384
1229
1761
1455
145
39
379
2448
423
24
421
1462
1002
422
17
229
1801
68
2681
***********************
Iteracao 47
***********************
17
446
32
2613
186
893
17
142
17
1248
27
739
721
242
24
25
363
725
371
17
26
602
312
17
229
77
287
17
89
17
***********************
Iteracao 48
***********************
25
207
859
137
1400
17
17
122
943
17
53
898
17
705
361
1066
629
169
17
17
88
99
27
810
733
17
310
1704
595
607
***********************
Iteracao 49
***********************
17
17
17
17
17
394
17
597
416
17
489
964
17
82
17
17
1081
17
1096
112
17
129
143
17
17
612
580
1529
956
556
***********************
Iteracao 50
***********************
997
17
845
17
135
158
360
199
24
24
17
17
145
17
288
339
1416
25
17
657
364
25
49
733
946
262
252
115
30
91
***********************
Iteracao 51
***********************
35
17
100
903
17
479
17
17
17
166
860
17
501
878
17
55
360
122
17
265
17
17
345
516
283
17
78
89
1162
17
***********************
Iteracao 52
***********************
17
2813
17
57
201
17
17
482
17
896
696
48
17
956
143
406
526
17
17
17
17
17
403
1942
17
659
31
17
30
17
***********************
Iteracao 53
***********************
17
765
864
2680
17
17
17
235
17
24
17
227
479
17
17
30
17
216
17
17
17
17
1317
17
17
7991
17
303
17
15
***********************
Iteracao 54
***********************
603
341
127
17
17
184
1185
76
105
17
1358
17
17
17
17
17
181
213
17
649
29
1250
17
17
106
25
114
332
17
17
***********************
Iteracao 55
***********************
342
627
619
17
681
25
18
17
455
71
17
17
17
17
26
422
17
17
519
267
17
17
17
141
583
25
17
68
17
17
***********************
Iteracao 56
***********************
25
314
83
17
664
545
25
25
17
38
729
17
17
77
17
26
25
1385
17
17
17
17
859
240
17
17
17
17
17
17
***********************
Iteracao 57
***********************
447
17
456
324
17
25
638
345
17
17
17
264
17
17
17
26
17
17
158
17
17
17
521
17
17
17
17
17
427
17
***********************
Iteracao 58
***********************
17
17
17
246
17
17
17
17
17
17
17
17
1342
17
17
17
17
17
17
17
17
25
205
17
17
15
26
17
17
17
***********************
Iteracao 59
***********************
17
17
280
17
17
350
391
26
17
17
17
24
17
238
374
647
17
32
29
17
519
17
1238
17
17
17
17
1112
17
17
