alocou matriz de adjacencia
alocou matriz de feromonio
leu matriz de adjacencia
alocou matrizFormigas
Vertice objetivo == 15
***********************
Iteracao 0
***********************
41
87
147
114
71
16
223
37
62
66
45
42
58
140
152
96
119
43
72
14
141
19
164
59
27
11
113
45
111
266
***********************
Iteracao 1
***********************
100
36
100
29
8
38
93
66
16
19
15
56
64
43
11
87
6
48
18
6
55
47
44
37
11
70
122
140
39
28
***********************
Iteracao 2
***********************
15
6
48
12
29
15
70
26
20
49
16
11
85
42
14
8
47
24
16
37
26
144
43
32
27
6
41
6
19
51
***********************
Iteracao 3
***********************
36
10
62
23
36
43
14
6
6
25
6
29
8
14
11
65
6
46
6
28
16
6
11
6
6
11
57
30
17
6
***********************
Iteracao 4
***********************
47
6
11
6
14
11
6
20
6
16
16
16
16
6
11
16
10
11
6
10
8
14
10
11
11
11
8
11
18
14
***********************
Iteracao 5
***********************
6
11
8
20
8
10
11
8
8
16
32
11
6
15
11
6
6
6
11
23
11
16
11
38
16
16
8
6
20
36
***********************
Iteracao 6
***********************
47
28
12
15
10
11
25
8
8
15
32
16
6
6
15
6
24
6
11
11
8
6
35
6
11
16
14
11
16
11
***********************
Iteracao 7
***********************
12
40
6
18
11
6
6
15
29
16
11
32
11
6
38
14
6
8
6
11
37
11
11
11
11
11
34
6
11
15
***********************
Iteracao 8
***********************
42
33
11
10
8
11
11
16
43
11
16
6
11
6
10
63
15
15
8
10
15
8
11
6
6
10
6
6
6
15
***********************
Iteracao 9
***********************
11
11
11
8
6
16
14
16
11
11
10
73
16
20
14
6
25
14
11
25
6
6
11
11
6
15
10
10
11
8
***********************
Iteracao 10
***********************
20
10
18
11
35
8
6
8
40
10
6
6
6
26
15
6
22
38
11
11
16
16
11
10
8
11
11
8
81
15
***********************
Iteracao 11
***********************
6
8
15
10
10
11
10
24
6
16
10
16
20
6
6
15
11
10
6
11
35
6
6
16
10
16
6
8
6
11
***********************
Iteracao 12
***********************
6
11
10
6
11
6
11
53
6
6
11
16
16
6
6
16
38
6
10
27
6
11
6
24
20
8
33
6
11
8
***********************
Iteracao 13
***********************
6
10
6
6
11
6
11
32
6
16
11
30
11
15
11
22
12
6
11
6
6
15
16
55
14
24
11
6
15
14
***********************
Iteracao 14
***********************
8
11
8
11
11
11
6
6
6
10
9
11
11
10
6
14
11
8
6
6
16
6
6
11
15
30
11
24
6
11
***********************
Iteracao 15
***********************
16
6
6
6
6
6
6
11
6
8
10
16
11
6
11
6
11
6
10
11
10
6
14
6
10
6
15
6
6
10
***********************
Iteracao 16
***********************
10
15
6
16
10
6
20
10
10
6
6
6
11
6
6
6
33
6
11
6
6
6
16
12
6
11
10
10
11
11
***********************
Iteracao 17
***********************
11
8
11
6
6
6
15
10
16
8
10
10
11
8
10
23
11
6
11
11
6
30
15
14
6
10
16
6
10
6
***********************
Iteracao 18
***********************
6
23
6
16
6
10
10
10
11
15
8
10
6
11
6
6
11
6
6
6
6
6
6
15
8
11
10
11
6
10
***********************
Iteracao 19
***********************
8
6
10
8
16
11
16
6
6
15
11
38
39
14
16
10
6
11
11
6
15
40
6
6
6
11
6
11
11
11
***********************
Iteracao 20
***********************
11
16
8
57
6
15
6
14
11
11
8
6
14
10
11
10
15
6
6
6
16
6
6
11
11
6
11
15
6
15
***********************
Iteracao 21
***********************
6
11
6
6
6
6
30
11
11
11
11
15
10
6
15
22
8
30
6
10
6
6
11
15
6
32
16
6
6
14
***********************
Iteracao 22
***********************
11
6
6
10
6
14
11
6
11
11
11
10
15
14
11
15
6
10
89
6
14
6
11
11
26
11
14
10
6
32
***********************
Iteracao 23
***********************
6
11
16
10
16
11
11
10
6
50
11
11
6
11
6
20
6
10
6
16
6
14
6
11
8
11
8
10
11
6
***********************
Iteracao 24
***********************
6
10
6
8
8
10
11
6
6
20
15
6
16
11
11
14
6
6
6
6
45
11
10
6
6
6
6
57
6
10
***********************
Iteracao 25
***********************
6
18
6
6
11
8
11
15
6
16
8
11
11
6
10
10
10
11
6
8
10
6
10
6
10
10
15
6
11
6
***********************
Iteracao 26
***********************
8
15
11
32
11
20
6
11
6
10
11
6
6
15
8
11
8
11
11
16
10
6
34
15
11
6
15
8
6
6
***********************
Iteracao 27
***********************
10
11
16
6
6
6
6
8
8
6
11
6
15
6
6
11
6
11
6
23
11
15
6
6
15
6
10
6
11
6
***********************
Iteracao 28
***********************
10
6
11
10
15
6
8
22
6
6
11
11
10
10
6
6
11
11
15
10
11
6
58
6
11
6
11
11
6
6
***********************
Iteracao 29
***********************
46
15
6
16
6
6
11
10
10
6
37
6
6
10
6
11
6
6
16
15
16
54
6
6
6
6
8
11
6
20
***********************
Iteracao 30
***********************
11
6
6
6
6
6
6
11
15
6
6
10
6
6
6
11
6
15
6
11
15
11
11
6
15
10
10
10
15
10
***********************
Iteracao 31
***********************
8
6
10
25
8
10
11
11
6
10
6
6
11
10
11
6
6
10
6
6
6
14
6
11
11
10
6
11
11
6
***********************
Iteracao 32
***********************
6
15
10
8
8
11
10
11
11
6
6
6
16
6
6
14
8
6
59
8
14
11
6
10
10
11
11
15
8
6
***********************
Iteracao 33
***********************
11
15
11
11
6
32
11
6
11
11
70
15
8
11
8
6
6
6
10
6
6
8
6
11
6
21
6
8
6
10
***********************
Iteracao 34
***********************
11
6
38
6
14
11
6
6
6
15
10
35
11
10
11
6
12
10
15
10
8
10
36
8
11
6
6
8
6
10
***********************
Iteracao 35
***********************
87
10
10
6
8
10
6
6
10
15
11
11
6
11
6
10
8
6
6
10
11
11
6
6
6
16
6
8
8
6
***********************
Iteracao 36
***********************
6
11
11
6
23
11
6
8
6
6
8
28
11
10
15
6
57
6
8
10
11
11
15
10
6
11
6
10
6
10
***********************
Iteracao 37
***********************
11
15
6
6
10
6
6
10
11
14
6
6
6
10
29
6
6
11
6
11
6
10
6
6
26
10
15
10
11
11
***********************
Iteracao 38
***********************
11
8
10
10
10
6
16
15
8
23
6
6
11
11
10
6
6
23
6
15
11
6
6
6
11
6
6
8
16
6
***********************
Iteracao 39
***********************
10
11
8
6
11
6
15
10
15
6
6
10
11
6
10
6
37
10
6
6
15
6
10
16
6
11
6
16
38
6
***********************
Iteracao 40
***********************
11
8
6
15
10
10
6
6
8
6
8
6
23
10
11
69
6
6
6
8
34
11
10
11
11
6
11
10
25
6
***********************
Iteracao 41
***********************
15
6
11
8
10
23
11
8
10
15
8
6
11
10
6
16
6
6
6
6
11
6
10
15
6
6
11
10
6
6
***********************
Iteracao 42
***********************
6
6
6
10
11
11
15
6
6
6
10
11
16
10
6
6
10
10
6
11
6
10
6
40
11
11
6
6
6
6
***********************
Iteracao 43
***********************
15
6
6
15
11
6
6
6
15
8
6
11
11
6
11
6
6
6
8
11
6
10
6
6
11
6
15
10
6
16
***********************
Iteracao 44
***********************
10
6
6
15
6
11
14
15
6
8
10
6
16
16
15
6
6
10
6
6
15
14
15
10
16
10
10
10
10
20
***********************
Iteracao 45
***********************
6
10
11
6
8
6
6
11
8
6
6
10
10
15
6
11
6
6
6
11
20
6
15
6
15
11
16
6
10
11
***********************
Iteracao 46
***********************
11
10
10
8
11
6
6
11
6
6
6
6
6
6
6
6
11
11
6
6
16
10
15
11
11
6
11
6
11
11
***********************
Iteracao 47
***********************
11
6
6
11
6
11
10
11
6
6
10
6
6
6
11
10
6
10
14
10
6
10
6
8
16
6
10
6
10
15
***********************
Iteracao 48
***********************
8
10
8
11
6
11
6
11
10
15
11
6
10
15
16
6
10
10
6
6
8
8
6
10
6
14
8
6
10
20
***********************
Iteracao 49
***********************
6
6
6
16
6
11
6
8
14
6
10
11
10
11
6
16
15
16
15
6
6
10
6
10
15
11
16
9
10
11
***********************
Iteracao 50
***********************
10
10
10
6
11
6
10
11
6
6
8
6
11
11
11
11
11
6
6
6
10
11
6
8
6
8
10
6
6
11
***********************
Iteracao 51
***********************
15
14
6
8
10
16
15
11
11
6
6
6
38
10
11
20
10
10
8
10
6
6
6
6
50
6
11
6
6
11
***********************
Iteracao 52
***********************
6
8
6
6
6
15
11
6
11
15
15
11
15
10
6
15
6
6
6
6
8
6
6
11
29
10
11
15
11
11
***********************
Iteracao 53
***********************
11
10
11
6
11
11
20
6
15
16
10
10
10
6
6
10
10
6
6
6
8
6
6
11
8
6
6
6
8
11
***********************
Iteracao 54
***********************
11
6
10
6
15
6
11
10
11
10
10
10
11
10
6
6
6
14
6
6
6
6
10
8
6
6
11
8
6
20
***********************
Iteracao 55
***********************
11
6
14
6
6
10
10
6
6
11
6
6
6
6
49
8
6
15
11
6
6
11
6
6
8
10
10
16
6
15
***********************
Iteracao 56
***********************
6
6
11
11
10
20
15
11
6
6
10
11
11
11
6
8
11
6
20
6
11
6
11
6
14
6
6
6
6
6
***********************
Iteracao 57
***********************
6
10
6
6
10
11
10
16
14
6
6
20
8
6
14
6
14
19
10
10
6
6
6
6
6
10
10
6
11
10
***********************
Iteracao 58
***********************
10
6
10
8
10
6
10
6
11
6
10
8
29
6
6
23
10
10
15
11
11
6
11
6
6
11
23
14
11
6
***********************
Iteracao 59
***********************
6
10
10
15
6
11
11
10
10
23
11
8
11
25
6
10
10
11
10
11
6
20
6
6
10
11
10
8
11
6
