alocou matriz de adjacencia
alocou matriz de feromonio
leu matriz de adjacencia
alocou matrizFormigas
Vertice objetivo == 400
***********************
Iteracao 0
***********************
39010
23295
2314
25599
1569
24249
3793
33393
2790
7205
20640
5809
18946
9374
19476
19129
9178
33328
594
20123
14103
40629
23011
9658
11881
13002
26022
38703
9710
20034
***********************
Iteracao 1
***********************
34185
22009
32915
10629
8677
33147
11286
41782
3543
14393
42740
38849
24198
883
37933
23041
14001
19279
12631
3391
34544
9921
13884
16214
24093
904
7587
13375
38590
4146
***********************
Iteracao 2
***********************
2073
14171
25214
1060
11162
31992
24712
22164
37357
26555
12920
21090
414
6494
5482
39610
35686
6907
22936
28961
10026
26060
375
19899
9694
6976
42590
3588
13399
18068
***********************
Iteracao 3
***********************
33755
20
15069
14657
9659
10562
25960
10364
31225
15487
9926
14004
21199
40825
28667
26114
5581
21246
27713
31499
11859
11112
21935
20340
9442
34703
39000
23877
6510
9359
***********************
Iteracao 4
***********************
20775
7558
17635
28948
17572
14634
12254
10170
37516
6122
13021
22585
12005
4655
5903
4432
36694
2289
32707
36772
24952
31435
25103
2217
12432
20519
12208
20
16482
13907
***********************
Iteracao 5
***********************
11091
29510
13710
35043
11624
21584
3982
10731
5927
3344
12238
461
18108
21392
20
4725
23262
16520
34550
15485
18507
15741
16802
10301
1630
1594
11399
13515
20482
12695
***********************
Iteracao 6
***********************
14154
38102
24462
6819
477
427
10059
20
12877
16615
22085
4603
29919
786
3672
12301
10667
10641
23361
6372
10617
20
9135
7187
14971
28138
16804
12295
2210
27937
***********************
Iteracao 7
***********************
20
20
20
20174
17544
11342
196
28842
31302
24255
9401
17353
15305
4197
15021
970
20
4643
20
1626
20
31414
20
6632
144
20
28202
9641
16085
32284
***********************
Iteracao 8
***********************
20
453
20
17022
6831
20
24398
20
8043
16373
26729
1954
20
6108
12708
20
32354
20
20
2412
20
791
20239
11240
15044
6687
14189
9259
2664
29574
***********************
Iteracao 9
***********************
7925
25591
28732
7821
11300
16840
20
22352
3075
7304
11964
16601
2898
24213
20
20
5004
20
1092
20
25529
11306
20
20
20
7017
697
20
20
7416
***********************
Iteracao 10
***********************
20
20
20
7432
9663
20
20
21512
21683
4941
15194
23755
20
27710
8556
20
20
8949
4413
20
20
20
20
20
20
20
31827
4317
20
20
***********************
Iteracao 11
***********************
20
20
20
9495
18817
20
2064
9318
20
20
20
22608
14786
20
7079
20
26385
7197
20
20165
20
20
6988
20
20
20
20
20
20
22469
***********************
Iteracao 12
***********************
17839
23197
20
20
20
20
20
20
20
20
20
20
20
20
20
20
20
20
20
20
20
20
20
20
20
20
19196
20
20
20
***********************
Iteracao 13
***********************
20
8058
12187
20
20
20
20
20
18780
20
20
20
20
20
20
31089
20
20
20
20
20
20
20
1671
36595
17144
20
20
1393
20
***********************
Iteracao 14
***********************
16662
9094
20
20
20
8089
20
20
20
20
20
20
26125
20
20
20
20
20
20
20
6135
3971
20
20
20
20
6508
20
20
25174
***********************
Iteracao 15
***********************
20
20
20
20
20
20
20
20
20
20
20
20
20
20
20
20
20
20763
20
20
20
20
20
20
20
20
20
20
20
20
***********************
Iteracao 16
***********************
20
20
20
20
20
20
20
6768
20
20
20
20
20
20
9471
5830
20
30757
20
15273
3077
20
20
20
20
20
20
20
20
20
***********************
Iteracao 17
***********************
20
20
20
21285
20
20
20
20
20
8796
20
20
20
20
20
20
20
20
20
20
20
20
20
30049
20
20
20
20
20
20
***********************
Iteracao 18
***********************
20
19666
20
20
20
20
20
20
20
20
20
20
20
20
20
20
20
20
20
20
20
20
20
11277
20
20
20
20
20
20
***********************
Iteracao 19
***********************
20
177
20
20
20
20
20
20
22890
20
20
20
22940
20
20
20
20
20
20
20
20
20
20
20
20
20
20
20
20
20
***********************
Iteracao 20
***********************
20
20
20
20
20
20
20
20
20
20
20
20
20
20
20
20
20
14873
20
20
20
20
20
20
20
20
20
20
20
20
***********************
Iteracao 21
***********************
20
20
31670
20
20
20
20
20
20
20
10836
20
20
20
20
20
20
20
20
20
20
20
20
20
20
20
20
20
20
5920
***********************
Iteracao 22
***********************
20
20
20
20
20
20
20
20
20
20
20
20
20
20
20
20
20
20
20
20
20
20
20
20
20
20
20
20
20
20
***********************
Iteracao 23
***********************
20
20
20
20
20
20
20
20
20
20
20
20
20
20
20
20
20
19882
20
20
20
20
20
20
20
20
20
20
20
20
***********************
Iteracao 24
***********************
20
20
20
20
20
20
20
20
19056
3834
20
20
20
20
20
20
20
20
20
20
20
20
20
20
20
20
26652
20
20
20
***********************
Iteracao 25
***********************
20
20
9721
20
20
20
20
20
20
20
20
20
2666
20
20
20
19342
20
20
20
20
20
20
20
20
20
20
20
20
20
***********************
Iteracao 26
***********************
20
1247
20
20
20
20
20
20
20
20
20
20
20
20
20
20
11229
20
20
20
20
20
20
20
3210
20
20
20
20
20
***********************
Iteracao 27
***********************
20
20
20
20
20
20
20
20
20
20
20
20
14222
20
20
20
20
6448
20
20
20
20
20
20
20
20
12665
20
20
20
***********************
Iteracao 28
***********************
20
20
1590
20
20
20
20
20
20
20
20
20
20
20
20
20
20
20
20
20
20
20
20
20
20
20
20
20
20
20
***********************
Iteracao 29
***********************
20
20
20
20
20
20
20
20
20
20
20
20
20
20
20
20
20
20
20
20
20
20
20
20
20
20
20
20
20
20
***********************
Iteracao 30
***********************
20
20
20
20
20
2093
20
20
20
20
20
20
20
20
20
20
20
20
20
20
20
20
20
20
20
20
20
20
20
20
***********************
Iteracao 31
***********************
22531
20
20
20
20
20
20
20
20
20
20
6922
20
20
20
20
20
20
20
20
20
20
20
20
20
20
20
20
20
20
***********************
Iteracao 32
***********************
20
20
20
20
20
20
20
20
20
20
20
20
20
20
20
20
20
20
20
20
20
20
20
20
20
20
20
20
20
20
***********************
Iteracao 33
***********************
20
20
20
20
20
20
20
20
20
20
20
20
20
20
20
20
20
20
20
20
20
20
20
20
20
20
20
20
20
20
***********************
Iteracao 34
***********************
2715
20
20
20
20
20
20
20
20
20
20
20
20
20
20
20
20
20
20
20
20
20
20
20
20
20
20
20
20
20
***********************
Iteracao 35
***********************
20
20
20
20
24280
20
20
20
20
20
20
20
20
20
20
20
20
20
20
20
20
20
20
20
20
20
20
20
20
20
***********************
Iteracao 36
***********************
20
20
20
20
20
20
20
20
20
20
3207
20
1098
20
20
20
20
20
20
20
20
20
20
20
20
20
20
20
20
20
***********************
Iteracao 37
***********************
20
20
20
20
20
20
20
20
20
4512
20
20
20
20
20
20
20
20
20
20
20
20
20
20
20
20
20
20
20
20
***********************
Iteracao 38
***********************
20
20
20
20
20
20
20
20
20
20
20
20
20
20
20
20
20
20
1908
20
20
20
20
20
20
20
20
20
20
20
***********************
Iteracao 39
***********************
20
20
20
20
20
27039
20
20
20
20
20
20
20
20
20
20
20
20
20
20
20
20
20
20
20
20
20
20
20
20
***********************
Iteracao 40
***********************
20
20
20
20
20
20
20
20
20
20
20
20
20
20
20
20
8276
20
20
20
20
20
20
20
20
20
20
20
20
20
***********************
Iteracao 41
***********************
20
20
20
20
20
20
20
20
20
20
20
20
20
20
20
20
20
20
20
20
20
20
20
20
20
20
20
20
20
20
***********************
Iteracao 42
***********************
20
20
20
20
787
20
20
20
20
20
20
20
20
20
20
20
20
20
20
20
20
20
20
20
20
20
20
20
20
20
***********************
Iteracao 43
***********************
20
20
20
20
20
20
20
20
20
20
20
20
20
20
20
20
20
20
20
20
20
20
20
20
20
20
20
20
20
20
***********************
Iteracao 44
***********************
20
20
20
20
20
20
20
20
20
20
20
20
20
20
20
20
20
20
20
20
20
20
20
20
20
20
20
20
20
20
***********************
Iteracao 45
***********************
20
20
20
20
20
20
20
20
20
20
20
20
20
20
20
20
20
20
20
20
20
20
20
20
20
20
20
20
20
20
***********************
Iteracao 46
***********************
20
20
20
20
20
20
20
20
4848
20
20
20
20
20
20
20
20
20
20
20
20
20
20
20
20
20
20
20
14525
20
***********************
Iteracao 47
***********************
20
20
20
20
20
20
20
20
20
20
20
20
20
20
20
20
20
20
20
20
20
20
20
20
20
20
20
20
20
20
***********************
Iteracao 48
***********************
20
20
20
20
20
20
20
20
20
20
20
20
20
20
20
20
20
20
20
19459
20
20
20
20
20
20
22435
20
20
20
***********************
Iteracao 49
***********************
20
20
20
20
20
20
20
20
20
20
20
20
20
20
20
20
20
20
20
20
20
20
20
20
20
20
20
20
20
20
***********************
Iteracao 50
***********************
20
20
20
20
20
20
20
20
20
20
20
20
20
20
20
20
8566
20
20
20
20
20
20
20
20
20
20
20
20
20
***********************
Iteracao 51
***********************
20
20
20
20
20
20
20
20
20
20
20
20
20
20
20
20
20
20
20
20
20
20
20
20
20
20
20
20
20
20
***********************
Iteracao 52
***********************
20
20
20
20
20
20
20
20
20
20
20
20
20
20
20
20
20
20
20
20
20
20
20
20
20
20
24613
20
20
20
***********************
Iteracao 53
***********************
20
20
20
20
20
20
20
20
20
20
20
20
20
20
20
20
20
20
20
20
20
20
20
20
20
20
20
20
20
20
***********************
Iteracao 54
***********************
20
20
20
20
20
20
20
20
20
20
20
20
20
20
20
20
20
20
20
20
20
20
20
20
20
20
20
20
20
20
***********************
Iteracao 55
***********************
20
20
20
20
20
20
20
20
20
20
20
20
20
20
20
20
20
20
20
20
20
20
20
20
20
20
20
20
20
20
***********************
Iteracao 56
***********************
20
20
20
20
20
20
20
20
20
20
20
20
20
20
20
20
20
20
20
20
20
20
20
20
20
20
20
20
20
20
***********************
Iteracao 57
***********************
20
20
20
20
20
20
20
20
20
20
20
20
20
20
20
20
20
20
20
20
20
20
20
20
20
20
20
20
20
20
***********************
Iteracao 58
***********************
20
20
20
20
20
20
20
20
20
20
20
20
20
1554
20
20
20
20
20
20
20
20
20
20
20
20
20
20
20
20
***********************
Iteracao 59
***********************
20
20
20
20
20
20
20
20
20
20
20
20
20
20
20
20
20
20
20
20
20
20
20
20
20
20
20
20
20
20
