alocou matriz de adjacencia
alocou matriz de feromonio
leu matriz de adjacencia
alocou matrizFormigas
Vertice objetivo == 74
***********************
Iteracao 0
***********************
1133
219
641
1033
1004
922
784
550
104
684
857
482
804
913
1062
13
1031
923
703
322
1103
441
217
523
1027
233
101
1003
1333
1001
***********************
Iteracao 1
***********************
798
340
369
238
1103
372
72
226
362
917
300
520
798
501
872
23
165
924
685
133
129
162
13
237
956
757
33
908
96
13
***********************
Iteracao 2
***********************
1122
244
358
204
35
92
1005
376
353
13
443
114
378
288
403
189
327
1065
580
449
160
491
800
156
371
22
200
117
178
171
***********************
Iteracao 3
***********************
73
413
66
13
58
490
158
42
13
190
49
686
13
86
13
148
383
396
207
780
13
13
127
495
136
766
355
336
127
287
***********************
Iteracao 4
***********************
22
276
377
314
519
222
181
106
13
232
22
127
180
12
108
30
154
197
315
109
866
112
24
110
315
217
22
125
536
18
***********************
Iteracao 5
***********************
13
92
430
80
64
217
12
59
13
84
13
340
12
13
48
63
349
217
48
20
75
28
74
302
239
22
185
13
650
22
***********************
Iteracao 6
***********************
12
46
12
59
12
22
122
389
128
12
297
101
12
69
13
412
138
12
22
12
13
228
121
186
250
13
53
585
102
12
***********************
Iteracao 7
***********************
12
12
12
12
162
247
158
12
12
219
111
21
715
12
150
12
91
69
130
12
12
196
82
186
12
12
37
12
104
12
***********************
Iteracao 8
***********************
12
12
12
12
17
12
12
102
12
207
12
12
12
12
12
12
12
257
12
12
107
12
22
12
12
12
12
143
12
107
***********************
Iteracao 9
***********************
12
12
12
12
12
12
12
12
12
12
12
22
12
13
467
12
22
12
12
12
138
12
17
123
12
12
181
12
12
12
***********************
Iteracao 10
***********************
12
12
12
31
12
12
12
73
12
12
12
12
12
12
12
212
104
12
19
12
12
12
13
31
12
12
12
12
12
12
***********************
Iteracao 11
***********************
12
12
12
12
12
12
12
12
12
64
12
12
12
12
12
13
12
12
12
12
37
12
12
12
12
12
12
30
44
12
***********************
Iteracao 12
***********************
12
12
12
12
12
12
12
32
12
12
12
12
12
12
12
12
12
12
12
12
12
12
12
12
12
12
12
22
12
12
***********************
Iteracao 13
***********************
12
12
12
12
12
12
12
12
12
12
12
12
12
12
12
12
12
12
99
12
13
12
12
90
12
12
12
12
12
12
***********************
Iteracao 14
***********************
12
12
12
12
12
12
12
12
12
12
12
12
12
12
12
12
428
12
12
12
12
12
12
12
12
12
12
45
12
12
***********************
Iteracao 15
***********************
12
12
12
12
12
12
12
12
12
12
12
12
12
125
12
12
12
12
13
12
12
12
12
12
12
12
12
12
12
12
***********************
Iteracao 16
***********************
12
12
12
12
12
12
112
12
12
12
101
12
12
12
12
193
12
63
33
12
12
12
12
12
125
12
12
12
12
12
***********************
Iteracao 17
***********************
12
12
12
12
12
12
12
12
12
12
12
12
12
12
12
12
12
12
12
12
12
12
12
27
12
12
12
12
12
12
***********************
Iteracao 18
***********************
12
12
12
12
12
12
12
12
12
12
12
12
12
12
12
12
12
12
12
12
12
12
12
12
17
12
12
12
130
12
***********************
Iteracao 19
***********************
12
12
12
12
12
12
12
12
68
23
12
12
12
12
12
12
12
12
32
12
12
12
12
12
12
12
12
12
12
12
***********************
Iteracao 20
***********************
12
12
12
12
12
271
12
12
12
12
12
12
12
12
12
12
12
12
12
12
12
12
12
12
12
12
12
12
12
12
***********************
Iteracao 21
***********************
12
12
12
12
12
12
12
12
12
12
12
12
12
242
12
12
12
12
12
12
12
410
12
12
12
12
12
12
12
12
***********************
Iteracao 22
***********************
12
12
12
12
12
12
12
12
12
12
20
12
12
12
12
12
37
12
12
12
12
12
12
12
12
12
33
12
22
115
***********************
Iteracao 23
***********************
12
12
12
12
12
12
12
12
12
12
12
12
12
12
12
12
12
12
14
12
12
12
12
12
12
12
12
12
12
12
***********************
Iteracao 24
***********************
12
12
12
12
12
12
12
12
12
12
12
12
12
12
12
12
12
12
12
12
12
12
12
12
12
31
12
12
12
12
***********************
Iteracao 25
***********************
12
12
12
12
12
12
12
12
12
12
12
12
12
12
12
12
12
12
12
12
12
12
12
12
12
12
12
12
12
12
***********************
Iteracao 26
***********************
12
12
12
12
12
12
12
12
12
12
12
12
12
12
12
12
12
58
12
12
12
12
12
12
12
12
12
12
12
12
***********************
Iteracao 27
***********************
12
12
12
12
12
12
12
12
12
12
12
12
12
12
12
12
12
12
12
12
67
12
12
12
22
12
12
12
12
12
***********************
Iteracao 28
***********************
12
12
12
12
12
12
12
12
12
12
12
12
12
12
12
12
12
12
12
12
12
12
12
12
12
12
12
12
12
12
***********************
Iteracao 29
***********************
12
12
12
12
12
12
12
12
12
219
12
12
12
12
12
12
12
12
12
12
12
12
12
12
12
12
12
12
12
12
***********************
Iteracao 30
***********************
12
12
12
12
12
12
192
12
12
202
12
12
12
89
12
12
12
12
12
12
12
12
12
12
269
12
12
12
12
12
***********************
Iteracao 31
***********************
12
12
12
12
12
12
12
12
12
12
12
12
12
69
12
12
12
12
12
78
12
12
12
12
12
12
12
12
12
12
***********************
Iteracao 32
***********************
12
12
12
12
12
12
12
12
12
12
12
12
12
12
20
12
12
12
12
12
12
12
12
12
12
12
12
12
12
12
***********************
Iteracao 33
***********************
12
12
12
12
12
12
12
12
12
12
12
12
12
12
12
12
12
12
12
95
12
12
12
12
12
12
12
12
13
12
***********************
Iteracao 34
***********************
12
12
12
12
12
12
12
12
12
12
12
12
12
12
12
12
12
12
12
12
12
12
12
12
12
12
12
39
12
12
***********************
Iteracao 35
***********************
12
12
12
12
12
12
12
12
12
12
12
12
12
12
12
12
12
12
12
12
12
12
12
12
12
12
12
12
12
12
***********************
Iteracao 36
***********************
12
12
12
12
12
12
12
12
12
12
12
12
12
12
12
12
12
12
12
12
12
12
12
12
12
12
12
12
12
12
***********************
Iteracao 37
***********************
12
12
89
12
12
12
12
12
12
12
12
12
12
12
12
12
12
12
12
12
12
12
12
12
12
12
12
12
12
12
***********************
Iteracao 38
***********************
12
12
12
12
12
12
12
12
12
12
12
12
12
12
12
12
12
12
12
12
12
12
12
12
12
12
12
12
12
12
***********************
Iteracao 39
***********************
12
12
19
12
12
12
12
12
12
12
12
12
12
12
33
12
12
12
12
12
12
12
12
12
12
12
12
12
12
12
***********************
Iteracao 40
***********************
12
12
12
12
12
12
12
12
12
12
12
12
12
410
12
12
12
12
12
12
12
52
12
12
12
12
12
12
12
12
***********************
Iteracao 41
***********************
12
12
17
12
12
12
12
12
12
12
12
12
12
12
12
12
12
12
12
12
12
12
12
12
12
22
12
12
12
12
***********************
Iteracao 42
***********************
12
12
12
12
12
12
12
12
12
12
12
12
12
12
12
89
12
12
12
12
12
12
12
12
12
12
12
12
12
12
***********************
Iteracao 43
***********************
12
12
12
12
12
12
12
12
12
12
12
12
12
12
12
12
12
12
12
12
12
12
12
12
12
12
12
12
12
12
***********************
Iteracao 44
***********************
12
12
12
12
12
12
12
12
12
12
12
12
12
12
12
12
12
12
12
12
12
12
12
12
12
12
12
12
12
12
***********************
Iteracao 45
***********************
12
12
12
12
12
12
12
12
12
12
12
12
12
12
12
12
12
12
12
12
12
12
12
12
12
12
12
12
12
12
***********************
Iteracao 46
***********************
12
12
12
12
12
12
12
12
12
12
12
12
12
12
12
12
12
12
12
12
62
12
12
12
12
12
12
12
12
12
***********************
Iteracao 47
***********************
12
12
12
12
12
12
12
12
12
12
12
12
12
12
12
12
12
12
12
12
12
12
12
12
12
12
12
12
12
12
***********************
Iteracao 48
***********************
12
12
12
12
41
12
86
12
12
12
12
12
12
12
12
12
12
12
12
12
12
12
12
12
12
12
12
12
41
12
***********************
Iteracao 49
***********************
12
12
12
12
12
12
12
12
12
12
12
12
12
12
12
12
12
12
12
12
12
12
12
12
12
12
12
12
12
12
***********************
Iteracao 50
***********************
12
12
12
12
12
12
12
12
12
12
12
12
12
12
12
12
12
12
12
12
12
12
12
12
12
12
12
12
12
12
***********************
Iteracao 51
***********************
12
12
12
12
48
12
12
12
12
12
12
12
12
12
12
12
12
12
84
12
12
12
12
12
12
12
12
12
12
12
***********************
Iteracao 52
***********************
12
12
12
12
12
12
24
12
12
12
12
12
12
12
12
12
12
12
12
12
12
12
12
12
12
12
12
51
12
12
***********************
Iteracao 53
***********************
12
12
12
12
12
12
12
12
12
12
12
12
12
12
12
12
12
12
12
12
12
12
12
12
12
12
12
12
12
12
***********************
Iteracao 54
***********************
12
12
12
12
12
12
12
12
12
12
12
12
12
12
12
12
12
12
12
12
12
12
12
12
12
12
12
12
12
12
***********************
Iteracao 55
***********************
12
12
12
12
12
12
12
12
12
12
12
12
12
12
12
12
12
12
12
12
12
12
12
12
12
12
12
12
12
12
***********************
Iteracao 56
***********************
12
12
12
12
12
12
12
12
12
12
12
12
12
12
12
12
12
12
12
12
12
12
12
12
12
12
12
12
12
12
***********************
Iteracao 57
***********************
12
12
12
12
12
12
12
12
12
12
12
12
12
12
12
12
12
12
12
12
12
12
12
12
12
12
12
12
12
12
***********************
Iteracao 58
***********************
12
12
12
12
12
12
12
12
12
12
12
12
12
12
12
12
12
12
12
12
12
12
12
12
14
12
12
12
12
12
***********************
Iteracao 59
***********************
12
12
12
12
12
12
12
12
12
12
12
12
12
12
12
12
12
12
136
12
12
12
12
12
12
12
12
12
12
12
