alocou matriz de adjacencia
alocou matriz de feromonio
leu matriz de adjacencia
alocou matrizFormigas
Vertice objetivo == 500
***********************
Iteracao 0
***********************
23442
31514
52173
24753
19581
28627
16149
41617
52307
13911
18385
66337
17019
56101
49530
36210
11217
57581
16868
28634
63136
10956
17768
65240
47969
39149
40836
56216
6306
31012
***********************
Iteracao 1
***********************
61120
5484
65139
28487
8422
53684
54884
25265
1471
8406
330
34808
5641
56179
39546
23423
29250
47469
41361
43192
50115
58106
10629
14013
57302
50532
60510
58411
69225
62415
***********************
Iteracao 2
***********************
47457
12480
45488
49486
4845
32232
17106
32009
44110
20487
8218
5913
53077
5026
4796
26467
2564
52587
42697
20409
20518
57453
24794
33923
9051
26833
22380
54050
10107
36475
***********************
Iteracao 3
***********************
30457
26316
43553
36379
63862
45282
37812
21975
8900
22194
65360
38619
23970
66392
48261
11523
28720
24912
14152
52077
64173
34922
66101
43845
53569
5177
65673
48449
41433
59897
***********************
Iteracao 4
***********************
60993
50445
62296
64191
6880
36011
22773
43224
8013
41289
38573
36605
34947
57825
44217
39691
56996
26167
33607
57467
59329
60394
38177
46890
40515
55165
19617
10277
58988
38470
***********************
Iteracao 5
***********************
39372
57458
41151
61979
51610
27801
41905
27855
18670
20357
27823
63414
34680
41574
58912
10608
13675
35273
58423
8746
46182
51920
68411
37126
2686
38957
50549
31981
54289
36196
***********************
Iteracao 6
***********************
21569
66245
14181
23756
53335
69241
65303
39336
7692
22647
8245
41935
59177
30107
60318
20363
13966
37351
54463
8361
35670
54824
21904
7164
41674
19382
65900
35357
6414
35915
***********************
Iteracao 7
***********************
55040
8591
3850
52000
65293
32699
32975
59491
33380
3368
39237
9359
1476
49209
68347
65217
48938
44599
61119
13622
1705
20932
36116
5587
52799
56804
26065
53968
54162
33787
***********************
Iteracao 8
***********************
52802
597
6030
28731
73867
68493
56786
48667
25883
19135
46715
33326
28270
13860
9971
18353
28112
30665
8636
37428
35338
8031
20726
64723
17249
7038
63750
20832
28982
58156
***********************
Iteracao 9
***********************
18125
58205
5113
22135
5616
49726
38401
15788
10180
6146
45834
50558
18017
60444
64173
37818
23292
2581
7419
40786
64888
42168
68599
53308
62326
5864
61448
38772
13897
192
***********************
Iteracao 10
***********************
50144
7190
7502
4851
5968
28697
23207
28352
932
52662
6251
39351
26423
3290
26363
62903
37402
15327
21661
42981
55041
57659
17721
39552
36862
49386
65987
65295
53295
43161
***********************
Iteracao 11
***********************
41428
47056
13680
47487
42769
375
47903
41563
54353
8836
18806
41776
14511
26054
36750
6595
59568
56854
33043
23607
50609
18502
10054
24697
64842
60397
19398
52549
15922
15129
***********************
Iteracao 12
***********************
34549
46468
46396
6835
33373
1584
1005
16033
7539
23106
26958
41077
44755
47848
6
64905
38290
5569
44596
58249
22773
17161
23814
3349
16904
1142
21179
5883
21127
59850
***********************
Iteracao 13
***********************
6
22761
6
6
11705
7598
56672
15427
35677
6
6
3717
14277
9433
5465
6
23262
6
27431
54498
57976
51655
6
62244
6
6
6
27309
26873
1247
***********************
Iteracao 14
***********************
7988
6
6
6
6
6
40122
6
4442
6
6
6
42135
6
6
6
6
6
6
6
8733
6
6
6
6
6
6
6
6
6
***********************
Iteracao 15
***********************
6
6
6
6
6
6
6
6
6
6
6
6
6
6
6
6
6
6
6
6
6
6
6
6
6
6
6
6
6
6
***********************
Iteracao 16
***********************
6
6
6
6
6
6
6
6
6
6
6
6
42599
6
6
6
6
6
6
6
6
6
6
6
6
6
6
6
6
6
***********************
Iteracao 17
***********************
6
6
6
6
6
6
6
6
6
6
6
6
6
6
6
6
6
6
9187
6
6
6
6
6
6
6
6
6
6
6
***********************
Iteracao 18
***********************
6
6
6
6
6
6
6
6
6
6
6
6
6
6
6
6
6
6
6
6
6
6
15006
6
6
6
6
6
6
6
***********************
Iteracao 19
***********************
6
6
6
6
6
6
6
6
6
6
6
6
6
6
6
6
6
6
6
6
6
6
6
6
6
6
6
6
6
6
***********************
Iteracao 20
***********************
6
6
6
42090
6
6
6
6
6
6
6
6
6
6
6
6
6
6
6
6
6
6
6
6
6
6
6
6
6
6
***********************
Iteracao 21
***********************
6
6
6
6
6
6
6
6
6
6
6
6
6
6
6
6
6
6
6
6
6
6
6
6
6
6
6
6
6
6
***********************
Iteracao 22
***********************
6
6
6
6
6
6
6
6
6
6
6
6
6
6
6
6
6
6
6
6
6
6
6
6
6
6
6
6
6
6
***********************
Iteracao 23
***********************
6
6
6
6
6
6
6
6
6
6
6
6
6
6
6
6
6
6
6
6
6
6
6
6
6
6
6
6
6
6
***********************
Iteracao 24
***********************
6
6
6
6
6
6
6
6
6
6
6
6
6
6
6
6
6
6
6
6
6
6
6
6
6
6
6
6
6
6
***********************
Iteracao 25
***********************
6
6
6
6
6
6
6
6
6
6
6
6
6
6
6
52184
6
6
6
6
6
6
6
6
6
6
6
6
6
6
***********************
Iteracao 26
***********************
6
6
6
6
6
6
6
6
6
6
6
6
6
6
6
6
6
6
6
6
6
6
6
6
6
6
6
6
6
6
***********************
Iteracao 27
***********************
6
6
6
6
6
6
6
6
6
6
6
6
6
6
6
6
6
6
6
6
6
6
6
6
6
6
6
6
6
6
***********************
Iteracao 28
***********************
6
6
6
6
6
6
6
6
6
6
6
6
6
6
6
6
6
6
6
6
6
6
6
6
6
6
6
6
6
6
***********************
Iteracao 29
***********************
6
6
6
6
6
6
6
6
6
6
6
6
6
6
6
6
6
6
6
6
6
6
6
6
6
6
6
6
6
6
***********************
Iteracao 30
***********************
6
6
6
6523
6
6
6
6
6
6
6
6
6
6
6
6
6
6
6
6
6
6
6
6
6
6
6
6
6
6
***********************
Iteracao 31
***********************
6
6
6
6
6
6
6
6
6
6
6
6
6
6
6
6
6
6
6
6
6
6
6
6
6
6
6
6
6
6
***********************
Iteracao 32
***********************
6
6
6
6
6
6
6
6
6
6
6
6
6
6
6
6
6
6
6
6
6
6
6
6
6
6
6
6
6
6
***********************
Iteracao 33
***********************
6
6
6
6
6
6
6
6
6
6
6
6
6
6
6
6
6
6
6
6
6
6
6
6
6
6
6
6
6
6
***********************
Iteracao 34
***********************
6
6
6
6
6
6
6
6
6
6
6
6
6
6
6
6
6
6
6
6
6
6
6
6
6
6
6
6
6
6
***********************
Iteracao 35
***********************
6
6
6
6
6
6
6
6
6
6
6
6
6
6
6
6
6
6
6
6
6
6
6
6
6
6
6
6
6
6
***********************
Iteracao 36
***********************
6
6
6
6
6
6
6
6
6
6
6
6
6
6
6
6
6
6
6
6
6
6
6
6
6
6
6
6
6
6
***********************
Iteracao 37
***********************
6
6
6
6
6
6
6
6
6
6
6
6
6
6
6
6
6
6
6
6
6
6
6
6
6
6
6
6
6
6
***********************
Iteracao 38
***********************
6
6
6
6
6
6
6
6
6
6
6
6
6
6
6
6
6
6
6
6
6
6
6
6
6
6
6
6
6
6
***********************
Iteracao 39
***********************
6
6
6
6
6
6
6
6
6
6
6
6
6
6
6
6
6
6
6
6
6
6
6
6
6
6
6
6
6
6
***********************
Iteracao 40
***********************
6
6
6
6
6
6
6
6
6
6
6
6
6
6
6
6
6
6
6
6
6
6
6
6
6
6
6
6
6
6
***********************
Iteracao 41
***********************
6
6
6
6
6
6
6
6
6
6
6
6
6
6
6
6
6
6
6
6
6
6
6
6
6
6
6
6
6
6
***********************
Iteracao 42
***********************
6
6
6
6
6
6
6
6
6
6
6
6
6
6
6
6
6
6
6
6
6
6
6
6
6
6
6
6
6
6
***********************
Iteracao 43
***********************
6
6
6
6
6
6
6
6
6
6
6
6
6
6
6
6
6
6
6
6
6
6
6
6
6
6
6
6
6
6
***********************
Iteracao 44
***********************
6
6
6
6
6
6
19391
6
6
6
6
6
6
6
6
6
6
6
6
6
6
6
6
6
6
6
6
6
6
6
***********************
Iteracao 45
***********************
6
6
6
6
6
6
6
6
6
6
6
6
6
6
6
6
6
6
6
6
6
6
6
6
6
6
6
6
6
6
***********************
Iteracao 46
***********************
6
6
6
6
6
6
6
6
5279
6
6
6
6
6
6
6
6
6
6
6
6
6
6
6
6
6
6
6
6
6
***********************
Iteracao 47
***********************
6
6
6
6
6
6
6
6
6
6
6
6
6
6
6
6
6
6
6
6
6
6
6
6
6
6
6
6
6
6
***********************
Iteracao 48
***********************
6
6
6
6
6
6
6
6
6
6
6
6
6
6
6
6
6
6
6
6
6
6
6
6
6
6
6
6
6
6
***********************
Iteracao 49
***********************
6
6
6
6
6
6
6
6
6
6
6
6
6
6
6
6
6
6
6
6
6
6
6
6
6
6
6
6
6
6
***********************
Iteracao 50
***********************
6
6
6
6
6
6
6
6
6
6
6
6
6
6
6
6
6
6
10168
6
6
6
6
6
6
6
6
6
6
6
***********************
Iteracao 51
***********************
6
6
6
6
6
6
6
6
6
6
6
6
6
6
6
6
6
6
6
6
6
6
6
6
6
6
6
6
6
6
***********************
Iteracao 52
***********************
6
6
6
6
6
6
6
6
6
6
6
6
6
6
6
6
6
6
6
6
6
6
6
6
6
6
6
6
6
6
***********************
Iteracao 53
***********************
6
6
6
6
6
6
6
6
6
6
6
6
6
6
6
6
6
6
6
6
6
6
6
6
6
6
6
6
6
6
***********************
Iteracao 54
***********************
6
6
6
6
6
6
6
6
6
6
6
6
6
6
6
6
6
6
6
6
6
6
6
6
6
6
6
6
6
6
***********************
Iteracao 55
***********************
6
6
6
6
6
6
6
6
6
6
6
6
6
6
6
6
6
41694
6
6
6
6
6
6
6
6
6
6
6
6
***********************
Iteracao 56
***********************
19715
6
6
6
6
6
6
6
6
6
6
6
6
6
6
6
6
6
6
6
6
6
6
6
6
6
6
6
6
6
***********************
Iteracao 57
***********************
6
6
6
6
6
6
6
6
6
6
6
6
6
6
6
6
6
6
6
6
6
6
6
6
6
6
6
6
6
6
***********************
Iteracao 58
***********************
6
6
6
6
6
6
6
6
6
6
6
6
6
6
6
6
6
6
6
6
6
6
6
6
6
6
6
6
6
6
***********************
Iteracao 59
***********************
6
6
6
6
6
6
6
6
6
6
6
6
6
6
6
6
6
6
6
6
6
6
6
6
6
6
6
6
6
6
